# wl_(um)         transit_depth
0.24008          1.068665e-02
0.24032          1.068614e-02
0.24056          1.068563e-02
0.24080          1.068512e-02
0.24104          1.068461e-02
0.24129          1.068410e-02
0.24153          1.068359e-02
0.24177          1.068308e-02
0.24201          1.068257e-02
0.24225          1.068205e-02
0.24249          1.068154e-02
0.24274          1.068103e-02
0.24298          1.068051e-02
0.24322          1.068000e-02
0.24347          1.067948e-02
0.24371          1.067897e-02
0.24395          1.067845e-02
0.24420          1.067793e-02
0.24444          1.067742e-02
0.24469          1.067690e-02
0.24493          1.067638e-02
0.24518          1.067586e-02
0.24542          1.067534e-02
0.24567          1.067482e-02
0.24591          1.067430e-02
0.24616          1.067378e-02
0.24641          1.067326e-02
0.24665          1.067274e-02
0.24690          1.067222e-02
0.24715          1.067169e-02
0.24739          1.067117e-02
0.24764          1.067064e-02
0.24789          1.067012e-02
0.24814          1.066960e-02
0.24838          1.066907e-02
0.24863          1.066854e-02
0.24888          1.066802e-02
0.24913          1.066749e-02
0.24938          1.066696e-02
0.24963          1.066643e-02
0.24988          1.066590e-02
0.25013          1.066538e-02
0.25038          1.066485e-02
0.25063          1.066432e-02
0.25088          1.066378e-02
0.25113          1.066325e-02
0.25138          1.066272e-02
0.25163          1.066219e-02
0.25189          1.066166e-02
0.25214          1.066112e-02
0.25239          1.066059e-02
0.25264          1.066005e-02
0.25290          1.065952e-02
0.25315          1.065898e-02
0.25340          1.065845e-02
0.25366          1.065791e-02
0.25391          1.065737e-02
0.25416          1.065683e-02
0.25442          1.065630e-02
0.25467          1.065576e-02
0.25493          1.065522e-02
0.25518          1.065468e-02
0.25544          1.065414e-02
0.25569          1.065360e-02
0.25595          1.065305e-02
0.25621          1.065251e-02
0.25646          1.065197e-02
0.25672          1.065143e-02
0.25698          1.065088e-02
0.25723          1.065034e-02
0.25749          1.064979e-02
0.25775          1.064925e-02
0.25801          1.064870e-02
0.25826          1.064815e-02
0.25852          1.064761e-02
0.25878          1.064706e-02
0.25904          1.064651e-02
0.25930          1.064596e-02
0.25956          1.064541e-02
0.25982          1.064486e-02
0.26008          1.064431e-02
0.26034          1.064376e-02
0.26060          1.064321e-02
0.26086          1.064266e-02
0.26112          1.064211e-02
0.26138          1.064155e-02
0.26164          1.064100e-02
0.26190          1.064045e-02
0.26217          1.063989e-02
0.26243          1.063934e-02
0.26269          1.063878e-02
0.26295          1.063822e-02
0.26322          1.063767e-02
0.26348          1.063711e-02
0.26374          1.063655e-02
0.26401          1.063599e-02
0.26427          1.063543e-02
0.26454          1.063487e-02
0.26480          1.063431e-02
0.26507          1.063375e-02
0.26533          1.063319e-02
0.26560          1.063263e-02
0.26586          1.063207e-02
0.26613          1.063150e-02
0.26639          1.063094e-02
0.26666          1.063037e-02
0.26693          1.062981e-02
0.26720          1.062924e-02
0.26746          1.062868e-02
0.26773          1.062811e-02
0.26800          1.062754e-02
0.26827          1.062698e-02
0.26853          1.062641e-02
0.26880          1.062584e-02
0.26907          1.062527e-02
0.26934          1.062470e-02
0.26961          1.062413e-02
0.26988          1.062356e-02
0.27015          1.062299e-02
0.27042          1.062241e-02
0.27069          1.062184e-02
0.27096          1.062127e-02
0.27123          1.062069e-02
0.27150          1.062012e-02
0.27178          1.061954e-02
0.27205          1.061897e-02
0.27232          1.061839e-02
0.27259          1.061782e-02
0.27287          1.061724e-02
0.27314          1.061666e-02
0.27341          1.061608e-02
0.27369          1.061550e-02
0.27396          1.061492e-02
0.27423          1.061434e-02
0.27451          1.061376e-02
0.27478          1.061318e-02
0.27506          1.061260e-02
0.27533          1.061202e-02
0.27561          1.061143e-02
0.27588          1.061085e-02
0.27616          1.061026e-02
0.27644          1.060968e-02
0.27671          1.060909e-02
0.27699          1.060851e-02
0.27727          1.060792e-02
0.27754          1.060733e-02
0.27782          1.060675e-02
0.27810          1.060616e-02
0.27838          1.060557e-02
0.27866          1.060498e-02
0.27894          1.060439e-02
0.27921          1.060380e-02
0.27949          1.060321e-02
0.27977          1.060261e-02
0.28005          1.060202e-02
0.28033          1.060143e-02
0.28061          1.060083e-02
0.28089          1.060024e-02
0.28118          1.059964e-02
0.28146          1.059905e-02
0.28174          1.059845e-02
0.28202          1.059786e-02
0.28230          1.059726e-02
0.28258          1.059666e-02
0.28287          1.059606e-02
0.28315          1.059546e-02
0.28343          1.059486e-02
0.28372          1.059426e-02
0.28400          1.059366e-02
0.28429          1.059306e-02
0.28457          1.059246e-02
0.28485          1.059185e-02
0.28514          1.059125e-02
0.28542          1.059065e-02
0.28571          1.059004e-02
0.28600          1.058944e-02
0.28628          1.058883e-02
0.28657          1.058823e-02
0.28686          1.058762e-02
0.28714          1.058701e-02
0.28743          1.058640e-02
0.28772          1.058579e-02
0.28801          1.058518e-02
0.28829          1.058457e-02
0.28858          1.058396e-02
0.28887          1.058335e-02
0.28916          1.058274e-02
0.28945          1.058213e-02
0.28974          1.058151e-02
0.29003          1.058090e-02
0.29032          1.058029e-02
0.29061          1.057967e-02
0.29090          1.057906e-02
0.29119          1.057844e-02
0.29148          1.057782e-02
0.29177          1.057721e-02
0.29207          1.057659e-02
0.29236          1.057597e-02
0.29265          1.057535e-02
0.29294          1.057473e-02
0.29324          1.057411e-02
0.29353          1.057349e-02
0.29382          1.057287e-02
0.29412          1.057224e-02
0.29441          1.057162e-02
0.29471          1.057100e-02
0.29500          1.057037e-02
0.29530          1.056975e-02
0.29559          1.056912e-02
0.29589          1.056850e-02
0.29618          1.056787e-02
0.29648          1.056724e-02
0.29678          1.056661e-02
0.29707          1.056599e-02
0.29737          1.056536e-02
0.29767          1.056473e-02
0.29797          1.056410e-02
0.29826          1.056346e-02
0.29856          1.056283e-02
0.29886          1.056220e-02
0.29916          1.056157e-02
0.29946          1.056093e-02
0.29976          1.056030e-02
0.30006          1.055966e-02
0.30036          1.055903e-02
0.30066          1.055842e-02
0.30096          1.055783e-02
0.30126          1.055724e-02
0.30156          1.055665e-02
0.30186          1.055606e-02
0.30217          1.055548e-02
0.30247          1.055490e-02
0.30277          1.055434e-02
0.30307          1.055385e-02
0.30338          1.055521e-02
0.30368          1.058314e-02
0.30399          1.055217e-02
0.30429          1.055144e-02
0.30459          1.055082e-02
0.30490          1.055022e-02
0.30520          1.054963e-02
0.30551          1.054905e-02
0.30581          1.054847e-02
0.30612          1.054788e-02
0.30643          1.054730e-02
0.30673          1.054673e-02
0.30704          1.054615e-02
0.30735          1.054557e-02
0.30765          1.054500e-02
0.30796          1.054442e-02
0.30827          1.054386e-02
0.30858          1.054329e-02
0.30889          1.054274e-02
0.30920          1.054222e-02
0.30951          1.054179e-02
0.30982          1.054177e-02
0.31013          1.057408e-02
0.31044          1.056971e-02
0.31075          1.054005e-02
0.31106          1.053892e-02
0.31137          1.053821e-02
0.31168          1.053758e-02
0.31199          1.053699e-02
0.31230          1.053640e-02
0.31262          1.053582e-02
0.31293          1.053525e-02
0.31324          1.053468e-02
0.31356          1.053411e-02
0.31387          1.053354e-02
0.31418          1.053298e-02
0.31450          1.053241e-02
0.31481          1.053185e-02
0.31513          1.053129e-02
0.31544          1.053074e-02
0.31576          1.053018e-02
0.31607          1.052963e-02
0.31639          1.052908e-02
0.31671          1.052853e-02
0.31702          1.052799e-02
0.31734          1.052744e-02
0.31766          1.052691e-02
0.31798          1.052637e-02
0.31830          1.052584e-02
0.31861          1.052532e-02
0.31893          1.052480e-02
0.31925          1.052429e-02
0.31957          1.052380e-02
0.31989          1.052332e-02
0.32021          1.052286e-02
0.32053          1.052246e-02
0.32085          1.052217e-02
0.32117          1.052229e-02
0.32149          1.052556e-02
0.32182          1.061001e-02
0.32214          1.052537e-02
0.32246          1.052059e-02
0.32278          1.051954e-02
0.32311          1.051895e-02
0.32343          1.051850e-02
0.32375          1.051813e-02
0.32408          1.051782e-02
0.32440          1.051757e-02
0.32473          1.051739e-02
0.32505          1.051728e-02
0.32538          1.051727e-02
0.32570          1.051738e-02
0.32603          1.051764e-02
0.32635          1.051810e-02
0.32668          1.051881e-02
0.32701          1.051987e-02
0.32733          1.052141e-02
0.32766          1.052362e-02
0.32799          1.052679e-02
0.32832          1.053139e-02
0.32865          1.053816e-02
0.32897          1.054840e-02
0.32930          1.056462e-02
0.32963          1.059262e-02
0.32996          1.065128e-02
0.33029          1.087095e-02
0.33062          1.069592e-02
0.33095          1.060766e-02
0.33128          1.057148e-02
0.33162          1.055099e-02
0.33195          1.053789e-02
0.33228          1.052888e-02
0.33261          1.052240e-02
0.33295          1.051755e-02
0.33328          1.051381e-02
0.33361          1.051083e-02
0.33395          1.050839e-02
0.33428          1.050636e-02
0.33461          1.050461e-02
0.33495          1.050310e-02
0.33528          1.050175e-02
0.33562          1.050053e-02
0.33596          1.049943e-02
0.33629          1.049840e-02
0.33663          1.049745e-02
0.33696          1.049655e-02
0.33730          1.049570e-02
0.33764          1.049489e-02
0.33798          1.049411e-02
0.33832          1.049336e-02
0.33865          1.049263e-02
0.33899          1.049193e-02
0.33933          1.049124e-02
0.33967          1.049057e-02
0.34001          1.048992e-02
0.34035          1.048928e-02
0.34069          1.048866e-02
0.34103          1.048805e-02
0.34137          1.048746e-02
0.34172          1.048688e-02
0.34206          1.048633e-02
0.34240          1.048582e-02
0.34274          1.048537e-02
0.34309          1.048502e-02
0.34343          1.048488e-02
0.34377          1.048533e-02
0.34412          1.048787e-02
0.34446          1.050724e-02
0.34480          1.064299e-02
0.34515          1.049781e-02
0.34550          1.048467e-02
0.34584          1.048166e-02
0.34619          1.048022e-02
0.34653          1.047924e-02
0.34688          1.047845e-02
0.34723          1.047776e-02
0.34757          1.047711e-02
0.34792          1.047649e-02
0.34827          1.047589e-02
0.34862          1.047530e-02
0.34897          1.047473e-02
0.34932          1.047416e-02
0.34967          1.047359e-02
0.35002          1.047304e-02
0.35037          1.047248e-02
0.35072          1.047193e-02
0.35107          1.047138e-02
0.35142          1.047083e-02
0.35177          1.047029e-02
0.35212          1.046974e-02
0.35247          1.046920e-02
0.35283          1.046866e-02
0.35318          1.046813e-02
0.35353          1.046759e-02
0.35389          1.046705e-02
0.35424          1.046652e-02
0.35460          1.046599e-02
0.35495          1.046546e-02
0.35531          1.046493e-02
0.35566          1.046440e-02
0.35602          1.046387e-02
0.35637          1.046334e-02
0.35673          1.046282e-02
0.35709          1.046229e-02
0.35744          1.046177e-02
0.35780          1.046125e-02
0.35816          1.046073e-02
0.35852          1.046020e-02
0.35888          1.045968e-02
0.35924          1.045917e-02
0.35960          1.045865e-02
0.35995          1.045813e-02
0.36032          1.045762e-02
0.36068          1.045710e-02
0.36104          1.045659e-02
0.36140          1.045607e-02
0.36176          1.045556e-02
0.36212          1.045505e-02
0.36248          1.045454e-02
0.36285          1.045403e-02
0.36321          1.045352e-02
0.36357          1.045301e-02
0.36394          1.045251e-02
0.36430          1.045200e-02
0.36466          1.045150e-02
0.36503          1.045099e-02
0.36540          1.045049e-02
0.36576          1.044999e-02
0.36613          1.044948e-02
0.36649          1.044898e-02
0.36686          1.044848e-02
0.36723          1.044798e-02
0.36759          1.044749e-02
0.36796          1.044699e-02
0.36833          1.044649e-02
0.36870          1.044600e-02
0.36907          1.044550e-02
0.36944          1.044501e-02
0.36981          1.044452e-02
0.37018          1.044402e-02
0.37055          1.044353e-02
0.37092          1.044304e-02
0.37129          1.044255e-02
0.37166          1.044206e-02
0.37203          1.044158e-02
0.37240          1.044109e-02
0.37278          1.044060e-02
0.37315          1.044012e-02
0.37352          1.043963e-02
0.37390          1.043915e-02
0.37427          1.043867e-02
0.37465          1.043819e-02
0.37502          1.043771e-02
0.37540          1.043723e-02
0.37577          1.043675e-02
0.37615          1.043627e-02
0.37652          1.043580e-02
0.37690          1.043532e-02
0.37728          1.043484e-02
0.37765          1.043437e-02
0.37803          1.043389e-02
0.37841          1.043342e-02
0.37879          1.043295e-02
0.37917          1.043248e-02
0.37955          1.043201e-02
0.37993          1.043154e-02
0.38031          1.043107e-02
0.38069          1.043060e-02
0.38107          1.043014e-02
0.38145          1.042967e-02
0.38183          1.042921e-02
0.38221          1.042875e-02
0.38260          1.042828e-02
0.38298          1.042782e-02
0.38336          1.042736e-02
0.38375          1.042690e-02
0.38413          1.042644e-02
0.38451          1.042599e-02
0.38490          1.042553e-02
0.38528          1.042508e-02
0.38567          1.042462e-02
0.38605          1.042417e-02
0.38644          1.042372e-02
0.38683          1.042327e-02
0.38721          1.042282e-02
0.38760          1.042237e-02
0.38799          1.042187e-02
0.38838          1.042136e-02
0.38877          1.042091e-02
0.38916          1.042046e-02
0.38954          1.042002e-02
0.38993          1.041958e-02
0.39032          1.041915e-02
0.39072          1.041871e-02
0.39111          1.041827e-02
0.39150          1.041784e-02
0.39189          1.041740e-02
0.39228          1.041697e-02
0.39267          1.041655e-02
0.39307          1.041612e-02
0.39346          1.041569e-02
0.39385          1.041527e-02
0.39425          1.041485e-02
0.39464          1.041444e-02
0.39504          1.041402e-02
0.39543          1.041362e-02
0.39583          1.041321e-02
0.39622          1.041281e-02
0.39662          1.041242e-02
0.39702          1.041204e-02
0.39741          1.041167e-02
0.39781          1.041129e-02
0.39821          1.041093e-02
0.39861          1.041059e-02
0.39901          1.041028e-02
0.39941          1.040998e-02
0.39981          1.040973e-02
0.40021          1.040952e-02
0.40061          1.040937e-02
0.40101          1.040933e-02
0.40141          1.040944e-02
0.40181          1.040979e-02
0.40221          1.041056e-02
0.40261          1.041210e-02
0.40302          1.041521e-02
0.40342          1.042216e-02
0.40382          1.044068e-02
0.40423          1.050969e-02
0.40463          1.068160e-02
0.40504          1.054953e-02
0.40544          1.044045e-02
0.40585          1.042016e-02
0.40625          1.041223e-02
0.40666          1.040822e-02
0.40707          1.040582e-02
0.40747          1.040420e-02
0.40788          1.040300e-02
0.40829          1.040205e-02
0.40870          1.040126e-02
0.40911          1.040056e-02
0.40952          1.039994e-02
0.40993          1.039936e-02
0.41034          1.039883e-02
0.41075          1.039831e-02
0.41116          1.039783e-02
0.41157          1.039735e-02
0.41198          1.039689e-02
0.41239          1.039644e-02
0.41281          1.039600e-02
0.41322          1.039557e-02
0.41363          1.039514e-02
0.41405          1.039472e-02
0.41446          1.039431e-02
0.41488          1.039389e-02
0.41529          1.039349e-02
0.41571          1.039308e-02
0.41612          1.039268e-02
0.41654          1.039229e-02
0.41696          1.039188e-02
0.41737          1.039148e-02
0.41779          1.039109e-02
0.41821          1.039070e-02
0.41863          1.039031e-02
0.41905          1.038992e-02
0.41946          1.038953e-02
0.41988          1.038915e-02
0.42030          1.038876e-02
0.42072          1.038838e-02
0.42115          1.038800e-02
0.42157          1.038891e-02
0.42199          1.038725e-02
0.42241          1.038686e-02
0.42283          1.038648e-02
0.42326          1.038611e-02
0.42368          1.038574e-02
0.42410          1.038604e-02
0.42453          1.038596e-02
0.42495          1.038474e-02
0.42538          1.038446e-02
0.42580          1.038388e-02
0.42623          1.038352e-02
0.42666          1.038315e-02
0.42708          1.038279e-02
0.42751          1.038321e-02
0.42794          1.038334e-02
0.42837          1.038170e-02
0.42880          1.038149e-02
0.42922          1.038127e-02
0.42965          1.038062e-02
0.43008          1.038026e-02
0.43051          1.037990e-02
0.43094          1.037955e-02
0.43138          1.037920e-02
0.43181          1.037884e-02
0.43224          1.037952e-02
0.43267          1.037977e-02
0.43310          1.037779e-02
0.43354          1.037744e-02
0.43397          1.037709e-02
0.43441          1.037788e-02
0.43484          1.037641e-02
0.43528          1.037605e-02
0.43571          1.037570e-02
0.43615          1.037536e-02
0.43658          1.037502e-02
0.43702          1.037467e-02
0.43746          1.037433e-02
0.43789          1.037399e-02
0.43833          1.037365e-02
0.43877          1.037333e-02
0.43921          1.037465e-02
0.43965          1.037498e-02
0.44009          1.037232e-02
0.44053          1.037198e-02
0.44097          1.037165e-02
0.44141          1.037136e-02
0.44185          1.037101e-02
0.44230          1.037175e-02
0.44274          1.037047e-02
0.44318          1.037006e-02
0.44362          1.036970e-02
0.44407          1.036936e-02
0.44451          1.036904e-02
0.44496          1.036872e-02
0.44540          1.036839e-02
0.44585          1.036808e-02
0.44629          1.036776e-02
0.44674          1.036741e-02
0.44719          1.036712e-02
0.44764          1.036680e-02
0.44808          1.036646e-02
0.44853          1.036616e-02
0.44898          1.036583e-02
0.44943          1.036741e-02
0.44988          1.036799e-02
0.45033          1.036490e-02
0.45078          1.036456e-02
0.45123          1.036425e-02
0.45168          1.036392e-02
0.45213          1.036363e-02
0.45259          1.036331e-02
0.45304          1.036300e-02
0.45349          1.036268e-02
0.45395          1.036239e-02
0.45440          1.036260e-02
0.45486          1.036262e-02
0.45531          1.036146e-02
0.45577          1.036115e-02
0.45622          1.036085e-02
0.45668          1.036054e-02
0.45714          1.036024e-02
0.45759          1.035994e-02
0.45805          1.035964e-02
0.45851          1.035934e-02
0.45897          1.035905e-02
0.45943          1.035874e-02
0.45989          1.035845e-02
0.46035          1.035815e-02
0.46081          1.035786e-02
0.46127          1.035757e-02
0.46173          1.035727e-02
0.46219          1.035698e-02
0.46265          1.035669e-02
0.46312          1.035644e-02
0.46358          1.035673e-02
0.46404          1.035583e-02
0.46451          1.035747e-02
0.46497          1.035530e-02
0.46544          1.035498e-02
0.46590          1.035598e-02
0.46637          1.035549e-02
0.46684          1.036063e-02
0.46730          1.035392e-02
0.46777          1.035492e-02
0.46824          1.035331e-02
0.46871          1.035302e-02
0.46918          1.035274e-02
0.46965          1.035255e-02
0.47012          1.035219e-02
0.47059          1.035194e-02
0.47106          1.035268e-02
0.47153          1.035135e-02
0.47200          1.035187e-02
0.47247          1.035178e-02
0.47294          1.035055e-02
0.47342          1.035027e-02
0.47389          1.035000e-02
0.47437          1.035118e-02
0.47484          1.035034e-02
0.47532          1.035104e-02
0.47579          1.035051e-02
0.47627          1.034866e-02
0.47674          1.034838e-02
0.47722          1.034812e-02
0.47770          1.034785e-02
0.47818          1.034759e-02
0.47865          1.034785e-02
0.47913          1.034838e-02
0.47961          1.034680e-02
0.48009          1.034725e-02
0.48057          1.034836e-02
0.48105          1.034603e-02
0.48154          1.034576e-02
0.48202          1.034550e-02
0.48250          1.034525e-02
0.48298          1.034499e-02
0.48347          1.034474e-02
0.48395          1.034449e-02
0.48443          1.034425e-02
0.48492          1.034470e-02
0.48540          1.034378e-02
0.48589          1.034448e-02
0.48637          1.034409e-02
0.48686          1.034319e-02
0.48735          1.034418e-02
0.48784          1.034250e-02
0.48832          1.034225e-02
0.48881          1.034200e-02
0.48930          1.034177e-02
0.48979          1.034152e-02
0.49028          1.034128e-02
0.49077          1.034103e-02
0.49126          1.034080e-02
0.49175          1.034055e-02
0.49225          1.034031e-02
0.49274          1.034008e-02
0.49323          1.033983e-02
0.49373          1.033959e-02
0.49422          1.034008e-02
0.49471          1.033913e-02
0.49521          1.034009e-02
0.49570          1.033981e-02
0.49620          1.033843e-02
0.49670          1.034017e-02
0.49719          1.033796e-02
0.49769          1.033783e-02
0.49819          1.034746e-02
0.49869          1.033820e-02
0.49919          1.033762e-02
0.49969          1.033760e-02
0.50019          1.033754e-02
0.50069          1.033752e-02
0.50119          1.033747e-02
0.50169          1.033757e-02
0.50219          1.033753e-02
0.50269          1.033741e-02
0.50320          1.033807e-02
0.50370          1.033969e-02
0.50420          1.034001e-02
0.50471          1.034050e-02
0.50521          1.034112e-02
0.50572          1.034201e-02
0.50622          1.034338e-02
0.50673          1.034505e-02
0.50724          1.034668e-02
0.50774          1.034827e-02
0.50825          1.035017e-02
0.50876          1.035468e-02
0.50927          1.035669e-02
0.50978          1.036102e-02
0.51029          1.036391e-02
0.51080          1.036541e-02
0.51131          1.037233e-02
0.51182          1.037574e-02
0.51234          1.038075e-02
0.51285          1.038548e-02
0.51336          1.038994e-02
0.51387          1.039418e-02
0.51439          1.039827e-02
0.51490          1.040301e-02
0.51542          1.040713e-02
0.51593          1.040932e-02
0.51645          1.041188e-02
0.51697          1.041368e-02
0.51748          1.041544e-02
0.51800          1.041717e-02
0.51852          1.041885e-02
0.51904          1.042006e-02
0.51956          1.042047e-02
0.52008          1.042090e-02
0.52060          1.042132e-02
0.52112          1.042173e-02
0.52164          1.042235e-02
0.52216          1.042358e-02
0.52269          1.042486e-02
0.52321          1.042612e-02
0.52373          1.042733e-02
0.52426          1.042863e-02
0.52478          1.043053e-02
0.52531          1.043253e-02
0.52583          1.043447e-02
0.52636          1.043634e-02
0.52688          1.043816e-02
0.52741          1.043938e-02
0.52794          1.044030e-02
0.52847          1.044119e-02
0.52900          1.044207e-02
0.52952          1.044294e-02
0.53005          1.044396e-02
0.53058          1.044523e-02
0.53112          1.044645e-02
0.53165          1.044764e-02
0.53218          1.044883e-02
0.53271          1.045079e-02
0.53324          1.045229e-02
0.53378          1.045444e-02
0.53431          1.045825e-02
0.53485          1.045854e-02
0.53538          1.046048e-02
0.53592          1.046288e-02
0.53645          1.046276e-02
0.53699          1.046379e-02
0.53753          1.046475e-02
0.53806          1.046571e-02
0.53860          1.046716e-02
0.53914          1.046941e-02
0.53968          1.047160e-02
0.54022          1.047369e-02
0.54076          1.047581e-02
0.54130          1.047771e-02
0.54184          1.047927e-02
0.54239          1.048077e-02
0.54293          1.048224e-02
0.54347          1.048368e-02
0.54402          1.048507e-02
0.54456          1.048664e-02
0.54511          1.048832e-02
0.54565          1.048996e-02
0.54620          1.049160e-02
0.54674          1.049317e-02
0.54729          1.049479e-02
0.54784          1.049681e-02
0.54839          1.049881e-02
0.54893          1.050078e-02
0.54948          1.050269e-02
0.55003          1.050455e-02
0.55058          1.050619e-02
0.55113          1.050766e-02
0.55169          1.050911e-02
0.55224          1.051051e-02
0.55279          1.051190e-02
0.55334          1.051337e-02
0.55390          1.051528e-02
0.55445          1.051718e-02
0.55501          1.051905e-02
0.55556          1.052086e-02
0.55612          1.052262e-02
0.55667          1.052438e-02
0.55723          1.052612e-02
0.55779          1.052782e-02
0.55835          1.052946e-02
0.55890          1.053108e-02
0.55946          1.053273e-02
0.56002          1.053488e-02
0.56058          1.053708e-02
0.56114          1.053920e-02
0.56171          1.054125e-02
0.56227          1.054324e-02
0.56283          1.054521e-02
0.56339          1.054721e-02
0.56396          1.054916e-02
0.56452          1.055104e-02
0.56509          1.055288e-02
0.56565          1.055467e-02
0.56622          1.055642e-02
0.56678          1.055813e-02
0.56735          1.055981e-02
0.56792          1.056144e-02
0.56849          1.056466e-02
0.56906          1.056679e-02
0.56963          1.056781e-02
0.57020          1.057082e-02
0.57077          1.057368e-02
0.57134          1.057644e-02
0.57191          1.057910e-02
0.57248          1.058217e-02
0.57305          1.058613e-02
0.57363          1.058986e-02
0.57420          1.059342e-02
0.57478          1.059679e-02
0.57535          1.059998e-02
0.57593          1.060306e-02
0.57650          1.060604e-02
0.57708          1.060890e-02
0.57766          1.061162e-02
0.57823          1.061452e-02
0.57881          1.061701e-02
0.57939          1.062361e-02
0.57997          1.063077e-02
0.58055          1.063761e-02
0.58113          1.064324e-02
0.58171          1.064851e-02
0.58230          1.065422e-02
0.58288          1.066383e-02
0.58346          1.067294e-02
0.58405          1.068066e-02
0.58463          1.068765e-02
0.58521          1.069395e-02
0.58580          1.070121e-02
0.58639          1.071412e-02
0.58697          1.073908e-02
0.58756          1.078265e-02
0.58815          1.083852e-02
0.58874          1.096200e-02
0.58933          1.105191e-02
0.58992          1.101945e-02
0.59051          1.084866e-02
0.59110          1.078533e-02
0.59169          1.074608e-02
0.59228          1.071689e-02
0.59287          1.070039e-02
0.59347          1.068519e-02
0.59406          1.067779e-02
0.59465          1.067009e-02
0.59525          1.066505e-02
0.59584          1.065649e-02
0.59644          1.065153e-02
0.59704          1.064293e-02
0.59763          1.063764e-02
0.59823          1.063015e-02
0.59883          1.062293e-02
0.59943          1.061500e-02
0.60003          1.061189e-02
0.60063          1.060585e-02
0.60123          1.060205e-02
0.60183          1.060142e-02
0.60243          1.059374e-02
0.60304          1.059200e-02
0.60364          1.058394e-02
0.60424          1.058415e-02
0.60485          1.057999e-02
0.60545          1.057288e-02
0.60606          1.056979e-02
0.60667          1.057133e-02
0.60727          1.056284e-02
0.60788          1.056233e-02
0.60849          1.055952e-02
0.60910          1.055468e-02
0.60971          1.054714e-02
0.61032          1.054949e-02
0.61093          1.054618e-02
0.61154          1.053737e-02
0.61215          1.053663e-02
0.61276          1.053770e-02
0.61338          1.053614e-02
0.61399          1.052929e-02
0.61460          1.052990e-02
0.61522          1.052811e-02
0.61583          1.052671e-02
0.61645          1.052244e-02
0.61707          1.051414e-02
0.61769          1.051279e-02
0.61830          1.051450e-02
0.61892          1.051289e-02
0.61954          1.050393e-02
0.62016          1.050147e-02
0.62078          1.050601e-02
0.62140          1.050467e-02
0.62202          1.050077e-02
0.62265          1.049567e-02
0.62327          1.049236e-02
0.62389          1.049424e-02
0.62452          1.049242e-02
0.62514          1.048934e-02
0.62577          1.048784e-02
0.62639          1.048399e-02
0.62702          1.047884e-02
0.62765          1.047763e-02
0.62828          1.047927e-02
0.62890          1.047790e-02
0.62953          1.047495e-02
0.63016          1.046988e-02
0.63079          1.046645e-02
0.63142          1.046675e-02
0.63206          1.046991e-02
0.63269          1.046884e-02
0.63332          1.046383e-02
0.63396          1.045850e-02
0.63459          1.045553e-02
0.63522          1.045379e-02
0.63586          1.045328e-02
0.63650          1.045292e-02
0.63713          1.045059e-02
0.63777          1.044873e-02
0.63841          1.044846e-02
0.63905          1.044794e-02
0.63969          1.044549e-02
0.64033          1.044178e-02
0.64097          1.043981e-02
0.64161          1.043871e-02
0.64225          1.043847e-02
0.64289          1.043673e-02
0.64354          1.043258e-02
0.64418          1.042996e-02
0.64483          1.042737e-02
0.64547          1.042706e-02
0.64612          1.042760e-02
0.64676          1.042973e-02
0.64741          1.042872e-02
0.64806          1.042615e-02
0.64871          1.042241e-02
0.64935          1.041892e-02
0.65000          1.041551e-02
0.65065          1.041346e-02
0.65131          1.041237e-02
0.65196          1.041375e-02
0.65261          1.041185e-02
0.65326          1.040978e-02
0.65392          1.040876e-02
0.65457          1.040912e-02
0.65523          1.040823e-02
0.65588          1.040785e-02
0.65654          1.040624e-02
0.65719          1.040408e-02
0.65785          1.040101e-02
0.65851          1.039893e-02
0.65917          1.039531e-02
0.65983          1.039436e-02
0.66049          1.039320e-02
0.66115          1.039277e-02
0.66181          1.039084e-02
0.66247          1.039002e-02
0.66314          1.038849e-02
0.66380          1.038702e-02
0.66446          1.038703e-02
0.66513          1.038647e-02
0.66579          1.038735e-02
0.66646          1.038682e-02
0.66713          1.038531e-02
0.66779          1.038318e-02
0.66846          1.038065e-02
0.66913          1.037836e-02
0.66980          1.037628e-02
0.67047          1.037269e-02
0.67114          1.037237e-02
0.67181          1.036943e-02
0.67248          1.036836e-02
0.67316          1.036781e-02
0.67383          1.036685e-02
0.67450          1.036822e-02
0.67518          1.036937e-02
0.67586          1.036900e-02
0.67653          1.036827e-02
0.67721          1.036864e-02
0.67789          1.036841e-02
0.67856          1.036690e-02
0.67924          1.036507e-02
0.67992          1.036457e-02
0.68060          1.036174e-02
0.68128          1.035962e-02
0.68197          1.035770e-02
0.68265          1.035804e-02
0.68333          1.035714e-02
0.68401          1.035776e-02
0.68470          1.035902e-02
0.68538          1.036062e-02
0.68607          1.036136e-02
0.68676          1.036221e-02
0.68744          1.036391e-02
0.68813          1.036442e-02
0.68882          1.036464e-02
0.68951          1.036744e-02
0.69020          1.036775e-02
0.69089          1.036919e-02
0.69158          1.037497e-02
0.69227          1.038090e-02
0.69296          1.037561e-02
0.69366          1.037463e-02
0.69435          1.037986e-02
0.69505          1.037264e-02
0.69574          1.037298e-02
0.69644          1.037347e-02
0.69713          1.037211e-02
0.69783          1.037271e-02
0.69853          1.037347e-02
0.69923          1.037297e-02
0.69993          1.037443e-02
0.70063          1.037415e-02
0.70133          1.037438e-02
0.70203          1.037350e-02
0.70273          1.037485e-02
0.70344          1.037271e-02
0.70414          1.037282e-02
0.70485          1.037260e-02
0.70555          1.037197e-02
0.70626          1.037047e-02
0.70696          1.037163e-02
0.70767          1.037068e-02
0.70838          1.037094e-02
0.70909          1.037029e-02
0.70980          1.037084e-02
0.71051          1.036966e-02
0.71122          1.037066e-02
0.71193          1.037037e-02
0.71264          1.037155e-02
0.71335          1.037140e-02
0.71407          1.037205e-02
0.71478          1.037105e-02
0.71550          1.037531e-02
0.71621          1.038170e-02
0.71693          1.040816e-02
0.71765          1.039233e-02
0.71837          1.038584e-02
0.71908          1.038476e-02
0.71980          1.038310e-02
0.72052          1.038726e-02
0.72125          1.038309e-02
0.72197          1.038017e-02
0.72269          1.038163e-02
0.72341          1.038330e-02
0.72414          1.038406e-02
0.72486          1.038603e-02
0.72559          1.038898e-02
0.72631          1.038777e-02
0.72704          1.038666e-02
0.72777          1.039068e-02
0.72849          1.038291e-02
0.72922          1.039264e-02
0.72995          1.039468e-02
0.73068          1.039532e-02
0.73141          1.039537e-02
0.73215          1.039797e-02
0.73288          1.039541e-02
0.73361          1.040002e-02
0.73435          1.039755e-02
0.73508          1.040151e-02
0.73582          1.040026e-02
0.73655          1.040570e-02
0.73729          1.040403e-02
0.73803          1.040204e-02
0.73876          1.040681e-02
0.73950          1.040532e-02
0.74024          1.040808e-02
0.74098          1.041037e-02
0.74173          1.041341e-02
0.74247          1.041644e-02
0.74321          1.041103e-02
0.74395          1.041455e-02
0.74470          1.041474e-02
0.74544          1.041960e-02
0.74619          1.042667e-02
0.74694          1.042396e-02
0.74768          1.041893e-02
0.74843          1.042194e-02
0.74918          1.042803e-02
0.74993          1.043905e-02
0.75068          1.044058e-02
0.75143          1.043332e-02
0.75218          1.043365e-02
0.75294          1.044249e-02
0.75369          1.045237e-02
0.75444          1.044869e-02
0.75520          1.044204e-02
0.75595          1.045184e-02
0.75671          1.046823e-02
0.75747          1.045751e-02
0.75822          1.046098e-02
0.75898          1.047417e-02
0.75974          1.047096e-02
0.76050          1.047922e-02
0.76126          1.048423e-02
0.76202          1.048859e-02
0.76279          1.049675e-02
0.76355          1.051580e-02
0.76431          1.055618e-02
0.76508          1.064999e-02
0.76584          1.078916e-02
0.76661          1.095469e-02
0.76738          1.093890e-02
0.76815          1.083755e-02
0.76891          1.074981e-02
0.76968          1.082992e-02
0.77045          1.093178e-02
0.77122          1.085549e-02
0.77200          1.071803e-02
0.77277          1.062877e-02
0.77354          1.057771e-02
0.77432          1.054345e-02
0.77509          1.052005e-02
0.77587          1.050173e-02
0.77664          1.048767e-02
0.77742          1.047710e-02
0.77820          1.046893e-02
0.77898          1.046071e-02
0.77975          1.045525e-02
0.78053          1.045401e-02
0.78132          1.044725e-02
0.78210          1.044188e-02
0.78288          1.044098e-02
0.78366          1.043475e-02
0.78445          1.043136e-02
0.78523          1.042551e-02
0.78602          1.042585e-02
0.78680          1.042152e-02
0.78759          1.041515e-02
0.78838          1.041335e-02
0.78917          1.041214e-02
0.78996          1.040824e-02
0.79075          1.040294e-02
0.79154          1.040028e-02
0.79233          1.039766e-02
0.79312          1.039742e-02
0.79392          1.039345e-02
0.79471          1.038828e-02
0.79551          1.038555e-02
0.79630          1.038546e-02
0.79710          1.038235e-02
0.79790          1.038150e-02
0.79869          1.038137e-02
0.79949          1.037693e-02
0.80029          1.037330e-02
0.80109          1.036911e-02
0.80190          1.036985e-02
0.80270          1.037120e-02
0.80350          1.036857e-02
0.80431          1.036741e-02
0.80511          1.036462e-02
0.80592          1.036481e-02
0.80672          1.036354e-02
0.80753          1.036221e-02
0.80834          1.036250e-02
0.80915          1.036952e-02
0.80996          1.037058e-02
0.81077          1.037195e-02
0.81158          1.037340e-02
0.81239          1.036811e-02
0.81320          1.037428e-02
0.81402          1.036907e-02
0.81483          1.036567e-02
0.81564          1.036183e-02
0.81646          1.036100e-02
0.81728          1.035515e-02
0.81810          1.035992e-02
0.81891          1.036588e-02
0.81973          1.037725e-02
0.82055          1.035259e-02
0.82137          1.034797e-02
0.82220          1.034464e-02
0.82302          1.037690e-02
0.82384          1.035713e-02
0.82467          1.034743e-02
0.82549          1.034461e-02
0.82632          1.034514e-02
0.82714          1.034185e-02
0.82797          1.034466e-02
0.82880          1.034570e-02
0.82963          1.035095e-02
0.83046          1.034407e-02
0.83129          1.034001e-02
0.83212          1.034393e-02
0.83295          1.033498e-02
0.83379          1.034455e-02
0.83462          1.033443e-02
0.83546          1.034105e-02
0.83629          1.034270e-02
0.83713          1.033557e-02
0.83797          1.033806e-02
0.83881          1.033715e-02
0.83964          1.033145e-02
0.84048          1.033645e-02
0.84133          1.033106e-02
0.84217          1.033585e-02
0.84301          1.032979e-02
0.84385          1.032857e-02
0.84470          1.033116e-02
0.84554          1.033190e-02
0.84639          1.032642e-02
0.84724          1.032666e-02
0.84808          1.032379e-02
0.84893          1.032494e-02
0.84978          1.032531e-02
0.85063          1.032154e-02
0.85148          1.032202e-02
0.85233          1.031995e-02
0.85319          1.031986e-02
0.85404          1.032066e-02
0.85490          1.031828e-02
0.85575          1.031906e-02
0.85661          1.031633e-02
0.85746          1.031474e-02
0.85832          1.031343e-02
0.85918          1.031432e-02
0.86004          1.031151e-02
0.86090          1.031298e-02
0.86176          1.030956e-02
0.86262          1.031195e-02
0.86349          1.030949e-02
0.86435          1.030884e-02
0.86522          1.030876e-02
0.86608          1.030773e-02
0.86695          1.030727e-02
0.86782          1.030825e-02
0.86868          1.030778e-02
0.86955          1.030678e-02
0.87042          1.030621e-02
0.87129          1.030693e-02
0.87217          1.030524e-02
0.87304          1.030565e-02
0.87391          1.030424e-02
0.87479          1.030354e-02
0.87566          1.030365e-02
0.87654          1.030280e-02
0.87741          1.030176e-02
0.87829          1.030301e-02
0.87917          1.030188e-02
0.88005          1.030071e-02
0.88093          1.030065e-02
0.88181          1.030087e-02
0.88269          1.030086e-02
0.88358          1.030073e-02
0.88446          1.029938e-02
0.88535          1.029974e-02
0.88623          1.030115e-02
0.88712          1.030201e-02
0.88801          1.030299e-02
0.88889          1.030698e-02
0.88978          1.030727e-02
0.89067          1.031495e-02
0.89157          1.032650e-02
0.89246          1.035274e-02
0.89335          1.034394e-02
0.89424          1.033114e-02
0.89514          1.032857e-02
0.89603          1.032687e-02
0.89693          1.033528e-02
0.89783          1.032741e-02
0.89873          1.034156e-02
0.89963          1.032810e-02
0.90053          1.033252e-02
0.90143          1.032182e-02
0.90233          1.032125e-02
0.90323          1.031379e-02
0.90414          1.031219e-02
0.90504          1.030880e-02
0.90595          1.031111e-02
0.90685          1.031302e-02
0.90776          1.031405e-02
0.90867          1.031770e-02
0.90958          1.031480e-02
0.91049          1.032082e-02
0.91140          1.031477e-02
0.91231          1.031644e-02
0.91322          1.033942e-02
0.91414          1.032725e-02
0.91505          1.033016e-02
0.91597          1.033903e-02
0.91688          1.033690e-02
0.91780          1.034257e-02
0.91872          1.033253e-02
0.91964          1.033922e-02
0.92056          1.031908e-02
0.92148          1.032887e-02
0.92240          1.032590e-02
0.92332          1.032955e-02
0.92425          1.034686e-02
0.92517          1.034401e-02
0.92610          1.035197e-02
0.92702          1.038414e-02
0.92795          1.047613e-02
0.92888          1.045479e-02
0.92981          1.043431e-02
0.93074          1.043814e-02
0.93167          1.040866e-02
0.93260          1.043712e-02
0.93354          1.044631e-02
0.93447          1.043625e-02
0.93540          1.041365e-02
0.93634          1.044174e-02
0.93728          1.041353e-02
0.93821          1.042493e-02
0.93915          1.041741e-02
0.94009          1.039845e-02
0.94103          1.041372e-02
0.94198          1.040728e-02
0.94292          1.040382e-02
0.94386          1.039292e-02
0.94481          1.040540e-02
0.94575          1.039666e-02
0.94670          1.040031e-02
0.94764          1.040943e-02
0.94859          1.040278e-02
0.94954          1.041028e-02
0.95049          1.040577e-02
0.95144          1.039542e-02
0.95239          1.041645e-02
0.95335          1.038731e-02
0.95430          1.039652e-02
0.95526          1.040794e-02
0.95621          1.040492e-02
0.95717          1.041706e-02
0.95813          1.040280e-02
0.95908          1.041921e-02
0.96004          1.040929e-02
0.96100          1.041957e-02
0.96197          1.040799e-02
0.96293          1.040126e-02
0.96389          1.041862e-02
0.96486          1.039247e-02
0.96582          1.040191e-02
0.96679          1.041816e-02
0.96776          1.037727e-02
0.96872          1.040336e-02
0.96969          1.041234e-02
0.97066          1.037764e-02
0.97163          1.039516e-02
0.97261          1.041898e-02
0.97358          1.039775e-02
0.97455          1.038943e-02
0.97553          1.040428e-02
0.97650          1.039554e-02
0.97748          1.038511e-02
0.97846          1.039005e-02
0.97944          1.039503e-02
0.98042          1.038939e-02
0.98140          1.038673e-02
0.98238          1.039110e-02
0.98336          1.039121e-02
0.98435          1.038522e-02
0.98533          1.038126e-02
0.98632          1.037824e-02
0.98731          1.037782e-02
0.98829          1.037138e-02
0.98928          1.036557e-02
0.99027          1.036272e-02
0.99126          1.036892e-02
0.99225          1.035800e-02
0.99325          1.037248e-02
0.99424          1.036617e-02
0.99524          1.035916e-02
0.99623          1.036062e-02
0.99723          1.035951e-02
0.99823          1.034725e-02
0.99922          1.035630e-02
1.00022          1.035152e-02
1.00122          1.034858e-02
1.00223          1.034906e-02
1.00323          1.035133e-02
1.00423          1.034196e-02
1.00524          1.033908e-02
1.00624          1.034433e-02
1.00725          1.033896e-02
1.00826          1.033897e-02
1.00927          1.033862e-02
1.01028          1.032738e-02
1.01129          1.033432e-02
1.01230          1.033290e-02
1.01331          1.032402e-02
1.01433          1.033489e-02
1.01534          1.032555e-02
1.01636          1.031768e-02
1.01737          1.032998e-02
1.01839          1.032319e-02
1.01941          1.032061e-02
1.02043          1.032328e-02
1.02145          1.031872e-02
1.02247          1.031806e-02
1.02350          1.031988e-02
1.02452          1.031674e-02
1.02554          1.031244e-02
1.02657          1.031682e-02
1.02760          1.031150e-02
1.02863          1.031161e-02
1.02966          1.031010e-02
1.03069          1.030995e-02
1.03172          1.030869e-02
1.03275          1.030844e-02
1.03378          1.030472e-02
1.03482          1.030397e-02
1.03585          1.030687e-02
1.03689          1.030109e-02
1.03793          1.030215e-02
1.03896          1.030401e-02
1.04000          1.030238e-02
1.04104          1.029954e-02
1.04209          1.030017e-02
1.04313          1.030202e-02
1.04417          1.030145e-02
1.04522          1.030079e-02
1.04626          1.029855e-02
1.04731          1.029854e-02
1.04836          1.030153e-02
1.04941          1.029977e-02
1.05046          1.029739e-02
1.05151          1.029822e-02
1.05256          1.029782e-02
1.05361          1.029893e-02
1.05467          1.029652e-02
1.05572          1.029692e-02
1.05678          1.029347e-02
1.05783          1.029975e-02
1.05889          1.029852e-02
1.05995          1.029865e-02
1.06101          1.029456e-02
1.06207          1.029688e-02
1.06314          1.029621e-02
1.06420          1.029536e-02
1.06527          1.029911e-02
1.06633          1.029578e-02
1.06740          1.029758e-02
1.06847          1.029794e-02
1.06953          1.029677e-02
1.07060          1.029843e-02
1.07168          1.029908e-02
1.07275          1.029928e-02
1.07382          1.029285e-02
1.07490          1.030154e-02
1.07597          1.029489e-02
1.07705          1.030402e-02
1.07813          1.029867e-02
1.07920          1.029587e-02
1.08028          1.029905e-02
1.08136          1.030065e-02
1.08245          1.029990e-02
1.08353          1.029977e-02
1.08461          1.030160e-02
1.08570          1.030636e-02
1.08679          1.032421e-02
1.08787          1.031027e-02
1.08896          1.032463e-02
1.09005          1.034280e-02
1.09114          1.034391e-02
1.09223          1.035413e-02
1.09333          1.037575e-02
1.09442          1.038321e-02
1.09551          1.039173e-02
1.09661          1.037767e-02
1.09771          1.039820e-02
1.09881          1.039441e-02
1.09991          1.038976e-02
1.10101          1.041434e-02
1.10211          1.040284e-02
1.10321          1.041130e-02
1.10431          1.039449e-02
1.10542          1.042087e-02
1.10652          1.040074e-02
1.10763          1.043561e-02
1.10874          1.040376e-02
1.10985          1.042541e-02
1.11096          1.045581e-02
1.11207          1.041835e-02
1.11318          1.044435e-02
1.11430          1.042884e-02
1.11541          1.045213e-02
1.11653          1.045294e-02
1.11765          1.045145e-02
1.11876          1.043882e-02
1.11988          1.047521e-02
1.12100          1.042825e-02
1.12212          1.045319e-02
1.12325          1.044809e-02
1.12437          1.042360e-02
1.12550          1.044121e-02
1.12662          1.041361e-02
1.12775          1.041661e-02
1.12888          1.042435e-02
1.13001          1.043398e-02
1.13114          1.044663e-02
1.13227          1.043066e-02
1.13340          1.046586e-02
1.13454          1.054303e-02
1.13567          1.048841e-02
1.13681          1.045408e-02
1.13794          1.044163e-02
1.13908          1.044185e-02
1.14022          1.044188e-02
1.14136          1.044909e-02
1.14251          1.046218e-02
1.14365          1.046627e-02
1.14479          1.045095e-02
1.14594          1.044952e-02
1.14708          1.044634e-02
1.14823          1.043526e-02
1.14938          1.044125e-02
1.15053          1.044556e-02
1.15168          1.044066e-02
1.15283          1.046147e-02
1.15399          1.047877e-02
1.15514          1.043082e-02
1.15630          1.046700e-02
1.15746          1.046644e-02
1.15861          1.043520e-02
1.15977          1.043894e-02
1.16093          1.046227e-02
1.16209          1.045619e-02
1.16326          1.045374e-02
1.16442          1.044746e-02
1.16559          1.047772e-02
1.16675          1.043864e-02
1.16792          1.045101e-02
1.16909          1.047413e-02
1.17026          1.045882e-02
1.17143          1.045428e-02
1.17260          1.042456e-02
1.17377          1.048783e-02
1.17495          1.044927e-02
1.17612          1.047000e-02
1.17730          1.048588e-02
1.17848          1.043946e-02
1.17966          1.044432e-02
1.18084          1.043798e-02
1.18202          1.044642e-02
1.18320          1.043447e-02
1.18439          1.042037e-02
1.18557          1.043510e-02
1.18676          1.043817e-02
1.18794          1.042332e-02
1.18913          1.043559e-02
1.19032          1.042198e-02
1.19151          1.042972e-02
1.19271          1.040794e-02
1.19390          1.040963e-02
1.19509          1.041164e-02
1.19629          1.040625e-02
1.19749          1.040397e-02
1.19868          1.040416e-02
1.19988          1.040597e-02
1.20108          1.039240e-02
1.20228          1.039390e-02
1.20349          1.040429e-02
1.20469          1.038662e-02
1.20590          1.037392e-02
1.20710          1.040326e-02
1.20831          1.038205e-02
1.20952          1.038285e-02
1.21073          1.037439e-02
1.21194          1.038977e-02
1.21315          1.037972e-02
1.21437          1.037372e-02
1.21558          1.036772e-02
1.21680          1.037495e-02
1.21802          1.036538e-02
1.21924          1.036362e-02
1.22046          1.036358e-02
1.22168          1.037189e-02
1.22290          1.036566e-02
1.22412          1.036171e-02
1.22535          1.036603e-02
1.22657          1.034923e-02
1.22780          1.036099e-02
1.22903          1.035572e-02
1.23026          1.035363e-02
1.23149          1.034866e-02
1.23272          1.035164e-02
1.23395          1.035694e-02
1.23519          1.034399e-02
1.23642          1.034911e-02
1.23766          1.034654e-02
1.23890          1.033701e-02
1.24014          1.033983e-02
1.24138          1.034370e-02
1.24262          1.033488e-02
1.24387          1.035641e-02
1.24511          1.033176e-02
1.24636          1.033317e-02
1.24760          1.033236e-02
1.24885          1.033579e-02
1.25010          1.032388e-02
1.25135          1.033054e-02
1.25260          1.034598e-02
1.25386          1.033522e-02
1.25511          1.032636e-02
1.25637          1.032468e-02
1.25762          1.032713e-02
1.25888          1.033600e-02
1.26014          1.033112e-02
1.26140          1.032346e-02
1.26266          1.033499e-02
1.26393          1.033676e-02
1.26519          1.032591e-02
1.26646          1.034135e-02
1.26772          1.033346e-02
1.26899          1.033403e-02
1.27026          1.033069e-02
1.27153          1.033753e-02
1.27281          1.033911e-02
1.27408          1.034767e-02
1.27535          1.033590e-02
1.27663          1.033471e-02
1.27791          1.033088e-02
1.27919          1.034180e-02
1.28047          1.035114e-02
1.28175          1.033117e-02
1.28303          1.035308e-02
1.28431          1.033532e-02
1.28560          1.034489e-02
1.28688          1.035525e-02
1.28817          1.035713e-02
1.28946          1.034938e-02
1.29075          1.034141e-02
1.29204          1.037618e-02
1.29333          1.034750e-02
1.29463          1.034737e-02
1.29592          1.035279e-02
1.29722          1.036298e-02
1.29852          1.034011e-02
1.29982          1.036533e-02
1.30112          1.037825e-02
1.30242          1.037507e-02
1.30372          1.036778e-02
1.30503          1.035641e-02
1.30633          1.037268e-02
1.30764          1.036842e-02
1.30895          1.037180e-02
1.31026          1.037663e-02
1.31157          1.036725e-02
1.31288          1.037279e-02
1.31419          1.039387e-02
1.31551          1.038753e-02
1.31683          1.037890e-02
1.31814          1.038757e-02
1.31946          1.039302e-02
1.32078          1.038906e-02
1.32210          1.039083e-02
1.32343          1.042134e-02
1.32475          1.040502e-02
1.32608          1.041849e-02
1.32740          1.041795e-02
1.32873          1.043007e-02
1.33006          1.046320e-02
1.33139          1.049499e-02
1.33272          1.052357e-02
1.33406          1.057845e-02
1.33539          1.059958e-02
1.33673          1.058743e-02
1.33806          1.056948e-02
1.33940          1.056469e-02
1.34074          1.056512e-02
1.34208          1.060256e-02
1.34343          1.061570e-02
1.34477          1.061375e-02
1.34612          1.060061e-02
1.34746          1.065134e-02
1.34881          1.058600e-02
1.35016          1.067271e-02
1.35151          1.061735e-02
1.35286          1.061225e-02
1.35422          1.069829e-02
1.35557          1.063478e-02
1.35693          1.064080e-02
1.35829          1.067828e-02
1.35965          1.067295e-02
1.36101          1.063540e-02
1.36237          1.067403e-02
1.36373          1.064594e-02
1.36509          1.064996e-02
1.36646          1.063915e-02
1.36783          1.065524e-02
1.36920          1.064364e-02
1.37057          1.068454e-02
1.37194          1.067188e-02
1.37331          1.067454e-02
1.37468          1.066762e-02
1.37606          1.065712e-02
1.37744          1.065084e-02
1.37881          1.064764e-02
1.38019          1.064338e-02
1.38157          1.062349e-02
1.38296          1.069684e-02
1.38434          1.063575e-02
1.38573          1.065146e-02
1.38711          1.060384e-02
1.38850          1.064860e-02
1.38989          1.062165e-02
1.39128          1.066338e-02
1.39267          1.065609e-02
1.39406          1.065364e-02
1.39546          1.064335e-02
1.39686          1.065206e-02
1.39825          1.067288e-02
1.39965          1.064860e-02
1.40105          1.070054e-02
1.40245          1.064793e-02
1.40386          1.066729e-02
1.40526          1.066352e-02
1.40667          1.067411e-02
1.40808          1.065482e-02
1.40948          1.068232e-02
1.41089          1.068488e-02
1.41231          1.069016e-02
1.41372          1.067415e-02
1.41513          1.070555e-02
1.41655          1.067299e-02
1.41797          1.068340e-02
1.41939          1.071115e-02
1.42081          1.066325e-02
1.42223          1.069312e-02
1.42365          1.070623e-02
1.42507          1.068552e-02
1.42650          1.070222e-02
1.42793          1.071076e-02
1.42936          1.070903e-02
1.43079          1.062685e-02
1.43222          1.071894e-02
1.43365          1.070683e-02
1.43508          1.068026e-02
1.43652          1.067691e-02
1.43796          1.068115e-02
1.43940          1.067879e-02
1.44084          1.066819e-02
1.44228          1.067637e-02
1.44372          1.065578e-02
1.44517          1.069365e-02
1.44661          1.067250e-02
1.44806          1.064708e-02
1.44951          1.062828e-02
1.45096          1.068985e-02
1.45241          1.060408e-02
1.45386          1.066616e-02
1.45532          1.061740e-02
1.45677          1.063085e-02
1.45823          1.060962e-02
1.45969          1.062011e-02
1.46115          1.064537e-02
1.46261          1.065796e-02
1.46408          1.062461e-02
1.46554          1.061677e-02
1.46701          1.061195e-02
1.46847          1.066631e-02
1.46994          1.063868e-02
1.47141          1.063831e-02
1.47289          1.060035e-02
1.47436          1.063300e-02
1.47583          1.063525e-02
1.47731          1.063230e-02
1.47879          1.058477e-02
1.48027          1.064820e-02
1.48175          1.061609e-02
1.48323          1.060161e-02
1.48472          1.061892e-02
1.48620          1.060050e-02
1.48769          1.060739e-02
1.48918          1.061515e-02
1.49067          1.059519e-02
1.49216          1.062554e-02
1.49365          1.061559e-02
1.49515          1.059067e-02
1.49664          1.059677e-02
1.49814          1.057499e-02
1.49964          1.058501e-02
1.50114          1.060727e-02
1.50264          1.057119e-02
1.50414          1.059614e-02
1.50565          1.059130e-02
1.50716          1.058419e-02
1.50866          1.057287e-02
1.51017          1.056860e-02
1.51168          1.055516e-02
1.51320          1.060581e-02
1.51471          1.053106e-02
1.51623          1.054028e-02
1.51774          1.057640e-02
1.51926          1.056248e-02
1.52078          1.054713e-02
1.52230          1.055896e-02
1.52383          1.052974e-02
1.52535          1.056534e-02
1.52688          1.056321e-02
1.52840          1.052221e-02
1.52993          1.055300e-02
1.53146          1.054445e-02
1.53300          1.054722e-02
1.53453          1.052432e-02
1.53606          1.052780e-02
1.53760          1.053329e-02
1.53914          1.051650e-02
1.54068          1.052125e-02
1.54222          1.051401e-02
1.54376          1.053336e-02
1.54531          1.050074e-02
1.54686          1.049470e-02
1.54840          1.050248e-02
1.54995          1.049688e-02
1.55150          1.052042e-02
1.55305          1.048614e-02
1.55461          1.048724e-02
1.55616          1.049596e-02
1.55772          1.052903e-02
1.55928          1.050471e-02
1.56084          1.050435e-02
1.56240          1.050088e-02
1.56396          1.048373e-02
1.56553          1.050832e-02
1.56710          1.046994e-02
1.56866          1.047486e-02
1.57023          1.047074e-02
1.57180          1.048120e-02
1.57338          1.047489e-02
1.57495          1.045664e-02
1.57653          1.046756e-02
1.57810          1.047451e-02
1.57968          1.047006e-02
1.58126          1.046982e-02
1.58285          1.045220e-02
1.58443          1.045607e-02
1.58601          1.045153e-02
1.58760          1.044665e-02
1.58919          1.045058e-02
1.59078          1.045558e-02
1.59237          1.044568e-02
1.59396          1.044315e-02
1.59556          1.042789e-02
1.59715          1.043859e-02
1.59875          1.044005e-02
1.60035          1.043336e-02
1.60195          1.044091e-02
1.60356          1.044765e-02
1.60516          1.044258e-02
1.60677          1.043195e-02
1.60837          1.042959e-02
1.60998          1.043283e-02
1.61159          1.043564e-02
1.61321          1.043403e-02
1.61482          1.043400e-02
1.61644          1.043162e-02
1.61805          1.042491e-02
1.61967          1.044741e-02
1.62129          1.043345e-02
1.62291          1.042581e-02
1.62454          1.041754e-02
1.62616          1.043324e-02
1.62779          1.042414e-02
1.62942          1.042789e-02
1.63105          1.043158e-02
1.63268          1.042897e-02
1.63432          1.041826e-02
1.63595          1.042448e-02
1.63759          1.041065e-02
1.63923          1.041382e-02
1.64087          1.041140e-02
1.64251          1.042087e-02
1.64415          1.041290e-02
1.64580          1.040473e-02
1.64744          1.040980e-02
1.64909          1.040684e-02
1.65074          1.040856e-02
1.65239          1.040626e-02
1.65405          1.039776e-02
1.65570          1.041256e-02
1.65736          1.039850e-02
1.65901          1.040716e-02
1.66067          1.040715e-02
1.66234          1.041543e-02
1.66400          1.039755e-02
1.66566          1.039354e-02
1.66733          1.041483e-02
1.66900          1.041658e-02
1.67067          1.039875e-02
1.67234          1.041165e-02
1.67401          1.041111e-02
1.67569          1.039314e-02
1.67736          1.040262e-02
1.67904          1.039686e-02
1.68072          1.037923e-02
1.68240          1.038907e-02
1.68409          1.039424e-02
1.68577          1.038382e-02
1.68746          1.039662e-02
1.68915          1.040207e-02
1.69084          1.038819e-02
1.69253          1.040285e-02
1.69422          1.040591e-02
1.69592          1.039264e-02
1.69761          1.042639e-02
1.69931          1.040692e-02
1.70101          1.041400e-02
1.70271          1.039691e-02
1.70442          1.041342e-02
1.70612          1.041629e-02
1.70783          1.042080e-02
1.70954          1.040551e-02
1.71125          1.042925e-02
1.71296          1.042988e-02
1.71468          1.045351e-02
1.71639          1.044070e-02
1.71811          1.046130e-02
1.71983          1.044608e-02
1.72155          1.044536e-02
1.72327          1.046962e-02
1.72499          1.044929e-02
1.72672          1.047751e-02
1.72845          1.046381e-02
1.73018          1.045322e-02
1.73191          1.049956e-02
1.73364          1.047406e-02
1.73538          1.047999e-02
1.73711          1.048628e-02
1.73885          1.046306e-02
1.74059          1.050478e-02
1.74233          1.047416e-02
1.74407          1.047203e-02
1.74582          1.047482e-02
1.74757          1.052586e-02
1.74931          1.047064e-02
1.75106          1.052297e-02
1.75282          1.047142e-02
1.75457          1.049834e-02
1.75633          1.052595e-02
1.75808          1.052690e-02
1.75984          1.047809e-02
1.76160          1.051976e-02
1.76336          1.053133e-02
1.76513          1.052617e-02
1.76690          1.051305e-02
1.76866          1.057634e-02
1.77043          1.051829e-02
1.77220          1.056804e-02
1.77398          1.053305e-02
1.77575          1.058752e-02
1.77753          1.054041e-02
1.77931          1.055555e-02
1.78109          1.057331e-02
1.78287          1.054270e-02
1.78465          1.056090e-02
1.78644          1.060736e-02
1.78823          1.056383e-02
1.79001          1.056201e-02
1.79181          1.058890e-02
1.79360          1.061874e-02
1.79539          1.057522e-02
1.79719          1.059236e-02
1.79899          1.055945e-02
1.80079          1.064219e-02
1.80259          1.061121e-02
1.80439          1.056866e-02
1.80620          1.061884e-02
1.80800          1.062958e-02
1.80981          1.060070e-02
1.81162          1.064532e-02
1.81344          1.059354e-02
1.81525          1.056273e-02
1.81707          1.062552e-02
1.81889          1.063977e-02
1.82071          1.062573e-02
1.82253          1.064896e-02
1.82435          1.056458e-02
1.82618          1.065573e-02
1.82800          1.060590e-02
1.82983          1.060024e-02
1.83166          1.061577e-02
1.83349          1.062598e-02
1.83533          1.063864e-02
1.83717          1.065890e-02
1.83900          1.062890e-02
1.84084          1.059308e-02
1.84269          1.066045e-02
1.84453          1.064247e-02
1.84637          1.066696e-02
1.84822          1.067882e-02
1.85007          1.067317e-02
1.85192          1.059509e-02
1.85377          1.067634e-02
1.85563          1.065504e-02
1.85749          1.070348e-02
1.85934          1.069587e-02
1.86120          1.071084e-02
1.86307          1.064166e-02
1.86493          1.070269e-02
1.86680          1.062215e-02
1.86866          1.068235e-02
1.87053          1.065001e-02
1.87241          1.065265e-02
1.87428          1.065401e-02
1.87615          1.065404e-02
1.87803          1.068431e-02
1.87991          1.061814e-02
1.88179          1.063971e-02
1.88367          1.060917e-02
1.88556          1.065528e-02
1.88744          1.062634e-02
1.88933          1.065229e-02
1.89122          1.064536e-02
1.89312          1.066579e-02
1.89501          1.064859e-02
1.89691          1.062784e-02
1.89880          1.065780e-02
1.90070          1.062289e-02
1.90260          1.060473e-02
1.90451          1.063246e-02
1.90641          1.065989e-02
1.90832          1.057554e-02
1.91023          1.062211e-02
1.91214          1.065850e-02
1.91405          1.061235e-02
1.91597          1.062418e-02
1.91789          1.060706e-02
1.91981          1.061600e-02
1.92173          1.063249e-02
1.92365          1.063189e-02
1.92557          1.060398e-02
1.92750          1.061754e-02
1.92943          1.062930e-02
1.93136          1.065678e-02
1.93329          1.063863e-02
1.93523          1.060719e-02
1.93716          1.062718e-02
1.93910          1.068947e-02
1.94104          1.067180e-02
1.94298          1.062145e-02
1.94493          1.064003e-02
1.94687          1.063411e-02
1.94882          1.066165e-02
1.95077          1.061206e-02
1.95272          1.066520e-02
1.95467          1.064185e-02
1.95663          1.065812e-02
1.95859          1.062721e-02
1.96055          1.065223e-02
1.96251          1.061925e-02
1.96447          1.064932e-02
1.96644          1.063114e-02
1.96841          1.066616e-02
1.97038          1.060754e-02
1.97235          1.063735e-02
1.97432          1.063711e-02
1.97630          1.066048e-02
1.97827          1.061347e-02
1.98025          1.066152e-02
1.98223          1.064927e-02
1.98422          1.063645e-02
1.98620          1.062346e-02
1.98819          1.064173e-02
1.99018          1.066951e-02
1.99217          1.062062e-02
1.99416          1.062785e-02
1.99616          1.061536e-02
1.99815          1.064502e-02
2.00015          1.064194e-02
2.00215          1.062345e-02
2.00416          1.060857e-02
2.00616          1.064998e-02
2.00817          1.062445e-02
2.01018          1.063112e-02
2.01219          1.061690e-02
2.01420          1.059887e-02
2.01622          1.064472e-02
2.01824          1.060954e-02
2.02026          1.062285e-02
2.02228          1.058867e-02
2.02430          1.058494e-02
2.02633          1.061380e-02
2.02835          1.061802e-02
2.03038          1.061898e-02
2.03241          1.057378e-02
2.03445          1.059206e-02
2.03648          1.057969e-02
2.03852          1.058078e-02
2.04056          1.061439e-02
2.04260          1.055128e-02
2.04464          1.060320e-02
2.04669          1.055437e-02
2.04874          1.057435e-02
2.05079          1.055771e-02
2.05284          1.057690e-02
2.05489          1.058513e-02
2.05695          1.055489e-02
2.05901          1.052685e-02
2.06107          1.054908e-02
2.06313          1.057905e-02
2.06519          1.055403e-02
2.06726          1.052942e-02
2.06933          1.054186e-02
2.07140          1.054236e-02
2.07347          1.052795e-02
2.07555          1.053883e-02
2.07762          1.052288e-02
2.07970          1.053369e-02
2.08178          1.053324e-02
2.08386          1.052466e-02
2.08595          1.051582e-02
2.08804          1.052746e-02
2.09013          1.051618e-02
2.09222          1.049740e-02
2.09431          1.052153e-02
2.09640          1.051561e-02
2.09850          1.050153e-02
2.10060          1.049314e-02
2.10270          1.050436e-02
2.10481          1.050042e-02
2.10691          1.049094e-02
2.10902          1.050885e-02
2.11113          1.048811e-02
2.11324          1.048129e-02
2.11536          1.047510e-02
2.11747          1.049947e-02
2.11959          1.048884e-02
2.12171          1.047460e-02
2.12384          1.047492e-02
2.12596          1.046540e-02
2.12809          1.047905e-02
2.13022          1.048723e-02
2.13235          1.045850e-02
2.13448          1.046086e-02
2.13662          1.045964e-02
2.13876          1.046674e-02
2.14089          1.047658e-02
2.14304          1.046947e-02
2.14518          1.043862e-02
2.14733          1.045360e-02
2.14948          1.046707e-02
2.15163          1.046320e-02
2.15378          1.045752e-02
2.15593          1.046762e-02
2.15809          1.044430e-02
2.16025          1.046185e-02
2.16241          1.045262e-02
2.16457          1.045122e-02
2.16674          1.046626e-02
2.16891          1.043358e-02
2.17108          1.045620e-02
2.17325          1.046230e-02
2.17542          1.045079e-02
2.17760          1.045825e-02
2.17978          1.046472e-02
2.18196          1.044271e-02
2.18414          1.045322e-02
2.18633          1.047062e-02
2.18852          1.045485e-02
2.19071          1.045445e-02
2.19290          1.046935e-02
2.19509          1.046723e-02
2.19729          1.047242e-02
2.19949          1.047145e-02
2.20169          1.047454e-02
2.20389          1.048736e-02
2.20609          1.048293e-02
2.20830          1.048143e-02
2.21051          1.047001e-02
2.21272          1.045981e-02
2.21494          1.046814e-02
2.21715          1.047823e-02
2.21937          1.048594e-02
2.22159          1.047130e-02
2.22381          1.046254e-02
2.22604          1.046928e-02
2.22827          1.048512e-02
2.23050          1.046132e-02
2.23273          1.046300e-02
2.23496          1.049078e-02
2.23720          1.047116e-02
2.23944          1.046816e-02
2.24168          1.047998e-02
2.24392          1.048668e-02
2.24616          1.046649e-02
2.24841          1.047967e-02
2.25066          1.048291e-02
2.25291          1.047443e-02
2.25517          1.049148e-02
2.25742          1.048877e-02
2.25968          1.047043e-02
2.26194          1.047064e-02
2.26421          1.049487e-02
2.26647          1.048470e-02
2.26874          1.048940e-02
2.27101          1.048684e-02
2.27328          1.048488e-02
2.27555          1.048276e-02
2.27783          1.047989e-02
2.28011          1.050350e-02
2.28239          1.048289e-02
2.28468          1.049710e-02
2.28696          1.048231e-02
2.28925          1.048144e-02
2.29154          1.049367e-02
2.29383          1.058101e-02
2.29613          1.055889e-02
2.29842          1.053784e-02
2.30072          1.053987e-02
2.30303          1.051456e-02
2.30533          1.051550e-02
2.30764          1.050780e-02
2.30995          1.052907e-02
2.31226          1.052678e-02
2.31457          1.053109e-02
2.31689          1.054865e-02
2.31920          1.051607e-02
2.32152          1.056190e-02
2.32385          1.059115e-02
2.32617          1.055293e-02
2.32850          1.056040e-02
2.33083          1.058740e-02
2.33316          1.054311e-02
2.33550          1.055115e-02
2.33783          1.054829e-02
2.34017          1.058460e-02
2.34251          1.055301e-02
2.34486          1.058072e-02
2.34720          1.054827e-02
2.34955          1.055619e-02
2.35190          1.062394e-02
2.35425          1.057714e-02
2.35661          1.057316e-02
2.35897          1.057998e-02
2.36133          1.058830e-02
2.36369          1.057073e-02
2.36605          1.056783e-02
2.36842          1.057439e-02
2.37079          1.059736e-02
2.37316          1.056874e-02
2.37554          1.059013e-02
2.37791          1.057954e-02
2.38029          1.059184e-02
2.38268          1.061288e-02
2.38506          1.060147e-02
2.38745          1.062258e-02
2.38983          1.056848e-02
2.39223          1.060495e-02
2.39462          1.057506e-02
2.39701          1.059638e-02
2.39941          1.057687e-02
2.40181          1.059811e-02
2.40422          1.058632e-02
2.40662          1.059224e-02
2.40903          1.062103e-02
2.41144          1.060110e-02
2.41385          1.063585e-02
2.41627          1.061389e-02
2.41868          1.063142e-02
2.42110          1.060826e-02
2.42353          1.061859e-02
2.42595          1.062987e-02
2.42838          1.062999e-02
2.43081          1.064656e-02
2.43324          1.061632e-02
2.43567          1.065084e-02
2.43811          1.065748e-02
2.44055          1.061328e-02
2.44299          1.064747e-02
2.44544          1.066090e-02
2.44788          1.067076e-02
2.45033          1.063028e-02
2.45278          1.069835e-02
2.45524          1.065465e-02
2.45769          1.064238e-02
2.46015          1.071145e-02
2.46262          1.066225e-02
2.46508          1.064441e-02
2.46755          1.067681e-02
2.47001          1.067096e-02
2.47249          1.067418e-02
2.47496          1.072461e-02
2.47744          1.066584e-02
2.47991          1.070246e-02
2.48240          1.071362e-02
2.48488          1.063722e-02
2.48736          1.072429e-02
2.48985          1.074267e-02
2.49234          1.071115e-02
2.49484          1.065247e-02
2.49733          1.071921e-02
2.49983          1.070555e-02
2.50233          1.069814e-02
2.50484          1.074402e-02
2.50734          1.074950e-02
2.50985          1.072058e-02
2.51236          1.077270e-02
2.51488          1.076125e-02
2.51739          1.070980e-02
2.51991          1.072205e-02
2.52243          1.072049e-02
2.52496          1.078130e-02
2.52748          1.076330e-02
2.53001          1.073206e-02
2.53254          1.075510e-02
2.53508          1.075181e-02
2.53761          1.076458e-02
2.54015          1.077286e-02
2.54269          1.075985e-02
2.54524          1.076626e-02
2.54778          1.077079e-02
2.55033          1.075726e-02
2.55288          1.077813e-02
2.55544          1.076665e-02
2.55800          1.073422e-02
2.56055          1.079334e-02
2.56312          1.078404e-02
2.56568          1.079050e-02
2.56825          1.079738e-02
2.57082          1.072094e-02
2.57339          1.077796e-02
2.57596          1.080773e-02
2.57854          1.078926e-02
2.58112          1.072946e-02
2.58370          1.079594e-02
2.58629          1.075777e-02
2.58888          1.076436e-02
2.59147          1.076324e-02
2.59406          1.079791e-02
2.59665          1.077863e-02
2.59925          1.075988e-02
2.60185          1.077387e-02
2.60446          1.075560e-02
2.60706          1.074512e-02
2.60967          1.077677e-02
2.61228          1.071512e-02
2.61489          1.075066e-02
2.61751          1.079449e-02
2.62013          1.074492e-02
2.62275          1.075593e-02
2.62538          1.077533e-02
2.62800          1.076259e-02
2.63063          1.077233e-02
2.63326          1.079955e-02
2.63590          1.075808e-02
2.63854          1.070764e-02
2.64118          1.079220e-02
2.64382          1.074015e-02
2.64646          1.076471e-02
2.64911          1.073809e-02
2.65176          1.074915e-02
2.65441          1.077020e-02
2.65707          1.071823e-02
2.65973          1.075096e-02
2.66239          1.070796e-02
2.66505          1.079597e-02
2.66772          1.078565e-02
2.67039          1.081595e-02
2.67306          1.075664e-02
2.67573          1.080653e-02
2.67841          1.079712e-02
2.68109          1.074555e-02
2.68377          1.077993e-02
2.68646          1.078534e-02
2.68915          1.075485e-02
2.69184          1.077481e-02
2.69453          1.085992e-02
2.69723          1.079142e-02
2.69992          1.073949e-02
2.70263          1.080577e-02
2.70533          1.079408e-02
2.70804          1.079208e-02
2.71075          1.082587e-02
2.71346          1.076349e-02
2.71617          1.080702e-02
2.71889          1.077988e-02
2.72161          1.079852e-02
2.72433          1.081437e-02
2.72706          1.077741e-02
2.72979          1.080731e-02
2.73252          1.071666e-02
2.73525          1.079415e-02
2.73799          1.079559e-02
2.74073          1.081260e-02
2.74347          1.074370e-02
2.74622          1.077320e-02
2.74896          1.076811e-02
2.75171          1.078133e-02
2.75447          1.080310e-02
2.75722          1.077683e-02
2.75998          1.073501e-02
2.76274          1.076995e-02
2.76551          1.081836e-02
2.76827          1.079213e-02
2.77104          1.082611e-02
2.77382          1.072509e-02
2.77659          1.079131e-02
2.77937          1.084036e-02
2.78215          1.076624e-02
2.78493          1.079176e-02
2.78772          1.083048e-02
2.79051          1.078552e-02
2.79330          1.076939e-02
2.79610          1.075396e-02
2.79889          1.073912e-02
2.80169          1.080775e-02
2.80450          1.087151e-02
2.80730          1.074376e-02
2.81011          1.078623e-02
2.81292          1.078211e-02
2.81574          1.076565e-02
2.81855          1.081679e-02
2.82137          1.086067e-02
2.82420          1.077304e-02
2.82702          1.078792e-02
2.82985          1.070730e-02
2.83268          1.076587e-02
2.83552          1.082532e-02
2.83835          1.080847e-02
2.84119          1.077826e-02
2.84404          1.078387e-02
2.84688          1.076728e-02
2.84973          1.078132e-02
2.85258          1.078696e-02
2.85543          1.085544e-02
2.85829          1.072685e-02
2.86115          1.077660e-02
2.86401          1.075310e-02
2.86688          1.079479e-02
2.86975          1.073775e-02
2.87262          1.083016e-02
2.87549          1.071334e-02
2.87837          1.076799e-02
2.88125          1.075854e-02
2.88413          1.075553e-02
2.88702          1.077303e-02
2.88991          1.081327e-02
2.89280          1.076742e-02
2.89569          1.072077e-02
2.89859          1.077078e-02
2.90149          1.079418e-02
2.90439          1.075833e-02
2.90730          1.081555e-02
2.91021          1.082407e-02
2.91312          1.075679e-02
2.91603          1.078048e-02
2.91895          1.075208e-02
2.92187          1.079013e-02
2.92479          1.078388e-02
2.92772          1.074520e-02
2.93065          1.079133e-02
2.93358          1.071535e-02
2.93652          1.072866e-02
2.93945          1.076727e-02
2.94240          1.076315e-02
2.94534          1.075724e-02
2.94829          1.082620e-02
2.95124          1.074298e-02
2.95419          1.078114e-02
2.95714          1.075381e-02
2.96010          1.076130e-02
2.96306          1.076202e-02
2.96603          1.074239e-02
2.96900          1.078058e-02
2.97197          1.077225e-02
2.97494          1.075593e-02
2.97792          1.069723e-02
2.98090          1.073898e-02
2.98388          1.074085e-02
2.98686          1.074281e-02
2.98985          1.078852e-02
2.99284          1.075652e-02
2.99584          1.072573e-02
2.99884          1.071472e-02
3.00184          1.072021e-02
3.00484          1.074855e-02
3.00785          1.081059e-02
3.01085          1.076683e-02
3.01387          1.069963e-02
3.01688          1.071958e-02
3.01990          1.070493e-02
3.02292          1.076951e-02
3.02595          1.072658e-02
3.02897          1.072917e-02
3.03200          1.074039e-02
3.03504          1.073650e-02
3.03807          1.073495e-02
3.04111          1.068913e-02
3.04416          1.074234e-02
3.04720          1.076412e-02
3.05025          1.076422e-02
3.05330          1.074588e-02
3.05636          1.069006e-02
3.05942          1.071478e-02
3.06248          1.070483e-02
3.06554          1.074126e-02
3.06861          1.070641e-02
3.07168          1.077135e-02
3.07475          1.072747e-02
3.07783          1.069022e-02
3.08091          1.070214e-02
3.08399          1.071194e-02
3.08707          1.072836e-02
3.09016          1.073502e-02
3.09325          1.074441e-02
3.09635          1.076099e-02
3.09945          1.070047e-02
3.10255          1.068865e-02
3.10565          1.073828e-02
3.10876          1.073674e-02
3.11187          1.071783e-02
3.11498          1.074545e-02
3.11810          1.071823e-02
3.12122          1.071833e-02
3.12434          1.072456e-02
3.12747          1.070104e-02
3.13060          1.072305e-02
3.13373          1.074043e-02
3.13687          1.071265e-02
3.14000          1.073668e-02
3.14315          1.074234e-02
3.14629          1.072780e-02
3.14944          1.073287e-02
3.15259          1.069891e-02
3.15574          1.074588e-02
3.15890          1.073191e-02
3.16206          1.070040e-02
3.16522          1.070624e-02
3.16839          1.072413e-02
3.17156          1.074082e-02
3.17473          1.073621e-02
3.17791          1.074521e-02
3.18109          1.069647e-02
3.18427          1.071252e-02
3.18746          1.069048e-02
3.19065          1.071464e-02
3.19384          1.074955e-02
3.19704          1.072831e-02
3.20023          1.074483e-02
3.20344          1.076923e-02
3.20664          1.068740e-02
3.20985          1.069233e-02
3.21306          1.073527e-02
3.21628          1.069526e-02
3.21949          1.070643e-02
3.22271          1.071967e-02
3.22594          1.070894e-02
3.22917          1.069611e-02
3.23240          1.070088e-02
3.23563          1.068244e-02
3.23887          1.070178e-02
3.24211          1.070876e-02
3.24535          1.070395e-02
3.24860          1.070065e-02
3.25185          1.068666e-02
3.25510          1.065260e-02
3.25836          1.064942e-02
3.26162          1.066995e-02
3.26488          1.067838e-02
3.26815          1.066339e-02
3.27142          1.067928e-02
3.27469          1.066559e-02
3.27797          1.065839e-02
3.28125          1.069452e-02
3.28453          1.064216e-02
3.28782          1.067292e-02
3.29111          1.064169e-02
3.29440          1.067605e-02
3.29770          1.067882e-02
3.30099          1.064373e-02
3.30430          1.065744e-02
3.30760          1.066536e-02
3.31091          1.067542e-02
3.31423          1.072196e-02
3.31754          1.071250e-02
3.32086          1.075640e-02
3.32418          1.073620e-02
3.32751          1.075895e-02
3.33084          1.072193e-02
3.33417          1.072672e-02
3.33751          1.072602e-02
3.34085          1.073186e-02
3.34419          1.071699e-02
3.34753          1.070587e-02
3.35088          1.067018e-02
3.35424          1.069858e-02
3.35759          1.069141e-02
3.36095          1.066257e-02
3.36431          1.066337e-02
3.36768          1.065357e-02
3.37105          1.066000e-02
3.37442          1.063156e-02
3.37780          1.066226e-02
3.38118          1.066525e-02
3.38456          1.066912e-02
3.38795          1.062149e-02
3.39134          1.062513e-02
3.39473          1.065834e-02
3.39813          1.062945e-02
3.40153          1.065580e-02
3.40493          1.067292e-02
3.40834          1.065045e-02
3.41175          1.061606e-02
3.41516          1.067160e-02
3.41858          1.066688e-02
3.42200          1.063948e-02
3.42542          1.062907e-02
3.42885          1.066630e-02
3.43228          1.062224e-02
3.43571          1.066590e-02
3.43915          1.064793e-02
3.44259          1.065567e-02
3.44603          1.065045e-02
3.44948          1.062441e-02
3.45293          1.064511e-02
3.45639          1.066053e-02
3.45985          1.063652e-02
3.46331          1.062602e-02
3.46677          1.064033e-02
3.47024          1.063887e-02
3.47371          1.064059e-02
3.47719          1.064738e-02
3.48067          1.063204e-02
3.48415          1.064271e-02
3.48764          1.064323e-02
3.49112          1.066710e-02
3.49462          1.063694e-02
3.49811          1.065022e-02
3.50161          1.061181e-02
3.50512          1.062776e-02
3.50862          1.061558e-02
3.51213          1.063031e-02
3.51565          1.063682e-02
3.51917          1.065354e-02
3.52269          1.061490e-02
3.52621          1.063520e-02
3.52974          1.063931e-02
3.53327          1.061973e-02
3.53681          1.062985e-02
3.54034          1.061568e-02
3.54389          1.066603e-02
3.54743          1.062164e-02
3.55098          1.060589e-02
3.55453          1.062557e-02
3.55809          1.062422e-02
3.56165          1.062299e-02
3.56521          1.060026e-02
3.56878          1.062951e-02
3.57235          1.062637e-02
3.57593          1.061396e-02
3.57950          1.059323e-02
3.58308          1.062191e-02
3.58667          1.060946e-02
3.59026          1.058739e-02
3.59385          1.060087e-02
3.59745          1.061715e-02
3.60104          1.062469e-02
3.60465          1.058937e-02
3.60825          1.057453e-02
3.61186          1.061203e-02
3.61548          1.060656e-02
3.61909          1.057311e-02
3.62272          1.060286e-02
3.62634          1.059701e-02
3.62997          1.056983e-02
3.63360          1.058126e-02
3.63724          1.059705e-02
3.64087          1.058257e-02
3.64452          1.056616e-02
3.64816          1.058214e-02
3.65181          1.057760e-02
3.65547          1.057290e-02
3.65912          1.057707e-02
3.66279          1.058631e-02
3.66645          1.055970e-02
3.67012          1.055800e-02
3.67379          1.057756e-02
3.67747          1.056213e-02
3.68115          1.056797e-02
3.68483          1.057312e-02
3.68851          1.056503e-02
3.69221          1.054264e-02
3.69590          1.057214e-02
3.69960          1.055805e-02
3.70330          1.054615e-02
3.70700          1.055965e-02
3.71071          1.054455e-02
3.71443          1.054553e-02
3.71814          1.054738e-02
3.72186          1.053638e-02
3.72559          1.054012e-02
3.72931          1.053920e-02
3.73304          1.055289e-02
3.73678          1.054018e-02
3.74052          1.053777e-02
3.74426          1.055304e-02
3.74801          1.051569e-02
3.75176          1.053135e-02
3.75551          1.053833e-02
3.75927          1.052968e-02
3.76303          1.053902e-02
3.76679          1.052403e-02
3.77056          1.052655e-02
3.77433          1.052650e-02
3.77811          1.050701e-02
3.78189          1.051167e-02
3.78567          1.054759e-02
3.78946          1.052665e-02
3.79325          1.051760e-02
3.79705          1.050264e-02
3.80085          1.052895e-02
3.80465          1.050976e-02
3.80846          1.052480e-02
3.81227          1.050086e-02
3.81608          1.050777e-02
3.81990          1.049063e-02
3.82372          1.051426e-02
3.82755          1.051394e-02
3.83138          1.050723e-02
3.83521          1.051369e-02
3.83905          1.049326e-02
3.84289          1.049018e-02
3.84673          1.048275e-02
3.85058          1.050334e-02
3.85443          1.048302e-02
3.85829          1.048673e-02
3.86215          1.049905e-02
3.86601          1.048603e-02
3.86988          1.047931e-02
3.87375          1.049178e-02
3.87763          1.047950e-02
3.88151          1.047582e-02
3.88539          1.048376e-02
3.88928          1.048084e-02
3.89317          1.049360e-02
3.89707          1.048128e-02
3.90096          1.048363e-02
3.90487          1.048488e-02
3.90877          1.047049e-02
3.91269          1.048992e-02
3.91660          1.047463e-02
3.92052          1.047503e-02
3.92444          1.046917e-02
3.92837          1.048147e-02
3.93230          1.047445e-02
3.93623          1.049716e-02
3.94017          1.048837e-02
3.94411          1.047196e-02
3.94806          1.047891e-02
3.95201          1.047700e-02
3.95596          1.047892e-02
3.95992          1.045287e-02
3.96388          1.048611e-02
3.96785          1.052863e-02
3.97182          1.047143e-02
3.97579          1.048401e-02
3.97977          1.050531e-02
3.98375          1.047749e-02
3.98774          1.047515e-02
3.99173          1.048386e-02
3.99572          1.047621e-02
3.99972          1.050568e-02
4.00372          1.049874e-02
4.00773          1.049149e-02
4.01174          1.047093e-02
4.01575          1.051016e-02
4.01977          1.048702e-02
4.02379          1.049169e-02
4.02781          1.050051e-02
4.03184          1.051451e-02
4.03588          1.047289e-02
4.03992          1.049336e-02
4.04396          1.050644e-02
4.04800          1.051643e-02
4.05205          1.050184e-02
4.05611          1.048494e-02
4.06017          1.053092e-02
4.06423          1.050912e-02
4.06829          1.050631e-02
4.07237          1.048356e-02
4.07644          1.054526e-02
4.08052          1.052114e-02
4.08460          1.054752e-02
4.08869          1.052743e-02
4.09278          1.049080e-02
4.09687          1.053518e-02
4.10097          1.052755e-02
4.10507          1.049053e-02
4.10918          1.055041e-02
4.11329          1.050459e-02
4.11741          1.054494e-02
4.12153          1.051640e-02
4.12565          1.052111e-02
4.12978          1.053804e-02
4.13391          1.052241e-02
4.13805          1.054970e-02
4.14219          1.051597e-02
4.14633          1.051890e-02
4.15048          1.052211e-02
4.15463          1.053837e-02
4.15879          1.054758e-02
4.16295          1.053868e-02
4.16711          1.053764e-02
4.17128          1.056854e-02
4.17546          1.055985e-02
4.17964          1.054881e-02
4.18382          1.060705e-02
4.18800          1.056486e-02
4.19219          1.057570e-02
4.19639          1.057835e-02
4.20059          1.057426e-02
4.20479          1.061539e-02
4.20900          1.060152e-02
4.21321          1.063530e-02
4.21742          1.063528e-02
4.22164          1.066544e-02
4.22586          1.063584e-02
4.23009          1.065247e-02
4.23433          1.063578e-02
4.23856          1.067871e-02
4.24280          1.070767e-02
4.24705          1.068444e-02
4.25130          1.071128e-02
4.25555          1.068106e-02
4.25981          1.070731e-02
4.26407          1.070868e-02
4.26834          1.071861e-02
4.27261          1.071604e-02
4.27688          1.073151e-02
4.28116          1.072818e-02
4.28544          1.072805e-02
4.28973          1.071913e-02
4.29402          1.073362e-02
4.29832          1.073428e-02
4.30262          1.074693e-02
4.30692          1.073742e-02
4.31123          1.074349e-02
4.31555          1.073739e-02
4.31986          1.072699e-02
4.32419          1.073898e-02
4.32851          1.073799e-02
4.33284          1.073664e-02
4.33718          1.075130e-02
4.34152          1.073585e-02
4.34586          1.074020e-02
4.35021          1.073907e-02
4.35456          1.073226e-02
4.35892          1.074010e-02
4.36328          1.072678e-02
4.36764          1.075217e-02
4.37201          1.072650e-02
4.37639          1.075168e-02
4.38077          1.074101e-02
4.38515          1.073540e-02
4.38954          1.072655e-02
4.39393          1.074040e-02
4.39833          1.076174e-02
4.40273          1.073636e-02
4.40713          1.073132e-02
4.41154          1.073073e-02
4.41595          1.073609e-02
4.42037          1.074032e-02
4.42480          1.074800e-02
4.42922          1.075697e-02
4.43365          1.075253e-02
4.43809          1.074806e-02
4.44253          1.073221e-02
4.44697          1.073210e-02
4.45142          1.074068e-02
4.45588          1.073881e-02
4.46034          1.073434e-02
4.46480          1.073450e-02
4.46926          1.072616e-02
4.47374          1.073457e-02
4.47821          1.072731e-02
4.48269          1.073000e-02
4.48718          1.071109e-02
4.49167          1.072789e-02
4.49616          1.073795e-02
4.50066          1.074406e-02
4.50516          1.073907e-02
4.50967          1.070087e-02
4.51418          1.073980e-02
4.51870          1.072479e-02
4.52322          1.071108e-02
4.52774          1.074649e-02
4.53227          1.076199e-02
4.53681          1.071158e-02
4.54135          1.068061e-02
4.54589          1.074991e-02
4.55044          1.073581e-02
4.55499          1.069216e-02
4.55955          1.072413e-02
4.56411          1.074955e-02
4.56868          1.072193e-02
4.57325          1.073854e-02
4.57782          1.071699e-02
4.58240          1.072512e-02
4.58699          1.073363e-02
4.59158          1.066281e-02
4.59617          1.074184e-02
4.60077          1.072919e-02
4.60537          1.067576e-02
4.60998          1.074255e-02
4.61459          1.070342e-02
4.61921          1.072586e-02
4.62383          1.076141e-02
4.62846          1.068399e-02
4.63309          1.071335e-02
4.63773          1.070169e-02
4.64237          1.073253e-02
4.64701          1.073219e-02
4.65166          1.071121e-02
4.65631          1.069928e-02
4.66097          1.070104e-02
4.66564          1.067148e-02
4.67030          1.064262e-02
4.67498          1.074572e-02
4.67965          1.070129e-02
4.68433          1.070384e-02
4.68902          1.069640e-02
4.69371          1.069041e-02
4.69841          1.071831e-02
4.70311          1.064106e-02
4.70782          1.075544e-02
4.71253          1.068568e-02
4.71724          1.076920e-02
4.72196          1.063787e-02
4.72668          1.074872e-02
4.73141          1.068689e-02
4.73615          1.074067e-02
4.74089          1.069205e-02
4.74563          1.071601e-02
4.75038          1.068133e-02
4.75513          1.072499e-02
4.75989          1.066026e-02
4.76465          1.074658e-02
4.76942          1.067261e-02
4.77419          1.075972e-02
4.77896          1.072524e-02
4.78375          1.076838e-02
4.78853          1.066636e-02
4.79332          1.075974e-02
4.79812          1.062355e-02
4.80292          1.076609e-02
4.80772          1.065055e-02
4.81253          1.077456e-02
4.81735          1.064953e-02
4.82217          1.074981e-02
4.82699          1.065850e-02
4.83182          1.072613e-02
4.83666          1.068399e-02
4.84150          1.073294e-02
4.84634          1.067997e-02
4.85119          1.068137e-02
4.85604          1.072627e-02
4.86090          1.064201e-02
4.86577          1.075825e-02
4.87063          1.067096e-02
4.87551          1.077396e-02
4.88038          1.064140e-02
4.88527          1.074452e-02
4.89015          1.064409e-02
4.89505          1.070484e-02
4.89994          1.073942e-02
4.90485          1.068499e-02
4.90975          1.069985e-02
4.91467          1.070258e-02
4.91958          1.069704e-02
4.92451          1.067950e-02
4.92943          1.068932e-02
4.93436          1.072769e-02
4.93930          1.068239e-02
4.94424          1.070887e-02
4.94919          1.070910e-02
4.95414          1.072692e-02
4.95910          1.071791e-02
4.96406          1.066436e-02
4.96903          1.075714e-02
4.97400          1.063474e-02
4.97897          1.072551e-02
4.98396          1.065658e-02
4.98894          1.070167e-02
4.99393          1.065616e-02
4.99893          1.069825e-02
5.00393          1.069786e-02
