# WALTzER NUV cross dispersion (05.03.2026)
# Wavelength (um)  Cross dispersion (pixels)
0.2397              9.0000
0.2397              9.0000
0.2398              9.0000
0.2398              9.0000
0.2399              9.0000
0.2399              9.0000
0.2400              9.0000
0.2400              9.0000
0.2400              8.9863
0.2401              8.9696
0.2401              8.9529
0.2402              8.9362
0.2402              8.9195
0.2402              8.9028
0.2403              8.8861
0.2403              8.8694
0.2404              8.8527
0.2404              8.8360
0.2405              8.8193
0.2405              8.8026
0.2405              8.7859
0.2406              8.7691
0.2406              8.7524
0.2407              8.7357
0.2407              8.7190
0.2407              8.7023
0.2408              8.6856
0.2408              8.6689
0.2409              8.6522
0.2409              8.6355
0.2410              8.6188
0.2410              8.6021
0.2410              8.5854
0.2411              8.5687
0.2411              8.5519
0.2412              8.5352
0.2412              8.5185
0.2412              8.5018
0.2413              8.4851
0.2413              8.4684
0.2414              8.4517
0.2414              8.4350
0.2415              8.4183
0.2415              8.4016
0.2415              8.3849
0.2416              8.3682
0.2416              8.3515
0.2417              8.3348
0.2417              8.3180
0.2417              8.3013
0.2418              8.2846
0.2418              8.2679
0.2419              8.2512
0.2419              8.2345
0.2420              8.2178
0.2420              8.2011
0.2420              8.1844
0.2421              8.1677
0.2421              8.1510
0.2422              8.1343
0.2422              8.1176
0.2422              8.1009
0.2423              8.0841
0.2423              8.0674
0.2424              8.0507
0.2424              8.0340
0.2425              8.0173
0.2425              8.0006
0.2425              7.9839
0.2426              7.9672
0.2426              7.9505
0.2427              7.9338
0.2427              7.9171
0.2427              7.9004
0.2428              7.8837
0.2428              7.8669
0.2429              7.8502
0.2429              7.8335
0.2430              7.8168
0.2430              7.8001
0.2430              7.7834
0.2431              7.7667
0.2431              7.7500
0.2432              7.7333
0.2432              7.7166
0.2433              7.6999
0.2433              7.6832
0.2433              7.6665
0.2434              7.6498
0.2434              7.6330
0.2435              7.6163
0.2435              7.5996
0.2435              7.5829
0.2436              7.5662
0.2436              7.5495
0.2437              7.5328
0.2437              7.5161
0.2438              7.4994
0.2438              7.4827
0.2438              7.4660
0.2439              7.4493
0.2439              7.4326
0.2440              7.4158
0.2440              7.3991
0.2440              7.3824
0.2441              7.3657
0.2441              7.3490
0.2442              7.3323
0.2442              7.3156
0.2443              7.2989
0.2443              7.2822
0.2443              7.2655
0.2444              7.2488
0.2444              7.2321
0.2445              7.2154
0.2445              7.1987
0.2445              7.1819
0.2446              7.1652
0.2446              7.1485
0.2447              7.1318
0.2447              7.1151
0.2448              7.0984
0.2448              7.0817
0.2448              7.0650
0.2449              7.0483
0.2449              7.0316
0.2450              7.0149
0.2450              6.9982
0.2450              6.9815
0.2451              6.9647
0.2451              6.9480
0.2452              6.9313
0.2452              6.9146
0.2453              6.8979
0.2453              6.8812
0.2453              6.8645
0.2454              6.8478
0.2454              6.8311
0.2455              6.8144
0.2455              6.7977
0.2455              6.7810
0.2456              6.7643
0.2456              6.7476
0.2457              6.7308
0.2457              6.7141
0.2458              6.6974
0.2458              6.6807
0.2458              6.6640
0.2459              6.6473
0.2459              6.6306
0.2460              6.6139
0.2460              6.5972
0.2460              6.5805
0.2461              6.5638
0.2461              6.5471
0.2462              6.5304
0.2462              6.5136
0.2463              6.4969
0.2463              6.4802
0.2463              6.4635
0.2464              6.4468
0.2464              6.4301
0.2465              6.4134
0.2465              6.3967
0.2466              6.3800
0.2466              6.3633
0.2466              6.3466
0.2467              6.3299
0.2467              6.3132
0.2468              6.2965
0.2468              6.2797
0.2468              6.2630
0.2469              6.2463
0.2469              6.2296
0.2470              6.2129
0.2470              6.1962
0.2471              6.1795
0.2471              6.1628
0.2471              6.1461
0.2472              6.1294
0.2472              6.1127
0.2473              6.0960
0.2473              6.0793
0.2473              6.0626
0.2474              6.0458
0.2474              6.0291
0.2475              6.0124
0.2475              5.9957
0.2476              5.9790
0.2476              5.9623
0.2476              5.9456
0.2477              5.9289
0.2477              5.9122
0.2478              5.8955
0.2478              5.8788
0.2478              5.8621
0.2479              5.8454
0.2479              5.8286
0.2480              5.8119
0.2480              5.7952
0.2481              5.7785
0.2481              5.7618
0.2481              5.7451
0.2482              5.7284
0.2482              5.7117
0.2483              5.6950
0.2483              5.6783
0.2483              5.6616
0.2484              5.6449
0.2484              5.6282
0.2485              5.6115
0.2485              5.5947
0.2486              5.5780
0.2486              5.5613
0.2486              5.5446
0.2487              5.5279
0.2487              5.5112
0.2488              5.4945
0.2488              5.4778
0.2488              5.4611
0.2489              5.4444
0.2489              5.4277
0.2490              5.4110
0.2490              5.3943
0.2491              5.3775
0.2491              5.3608
0.2491              5.3441
0.2492              5.3274
0.2492              5.3107
0.2493              5.2940
0.2493              5.2773
0.2493              5.2606
0.2494              5.2439
0.2494              5.2272
0.2495              5.2105
0.2495              5.1938
0.2496              5.1771
0.2496              5.1604
0.2496              5.1436
0.2497              5.1269
0.2497              5.1102
0.2498              5.0935
0.2498              5.0768
0.2498              5.0601
0.2499              5.0434
0.2499              5.0267
0.2500              5.0100
0.2500              5.0000
0.2501              5.0000
0.2501              5.0000
0.2501              5.0000
0.2502              5.0000
0.2502              5.0000
0.2503              5.0000
0.2503              5.0000
0.2504              5.0000
0.2504              5.0000
0.2504              5.0000
0.2505              5.0000
0.2505              5.0000
0.2506              5.0000
0.2506              5.0000
0.2506              5.0000
0.2507              5.0000
0.2507              5.0000
0.2508              5.0000
0.2508              5.0000
0.2509              5.0000
0.2509              5.0000
0.2509              5.0000
0.2510              5.0000
0.2510              5.0000
0.2511              5.0000
0.2511              5.0000
0.2511              5.0000
0.2512              5.0000
0.2512              5.0000
0.2513              5.0000
0.2513              5.0000
0.2514              5.0000
0.2514              5.0000
0.2514              5.0000
0.2515              5.0000
0.2515              5.0000
0.2516              5.0000
0.2516              5.0000
0.2516              5.0000
0.2517              5.0000
0.2517              5.0000
0.2518              5.0000
0.2518              5.0000
0.2519              5.0000
0.2519              5.0000
0.2519              5.0000
0.2520              5.0000
0.2520              5.0000
0.2521              5.0000
0.2521              5.0000
0.2521              5.0000
0.2522              5.0000
0.2522              5.0000
0.2523              5.0000
0.2523              5.0000
0.2524              5.0000
0.2524              5.0000
0.2524              5.0000
0.2525              5.0000
0.2525              5.0000
0.2526              5.0000
0.2526              5.0000
0.2526              5.0000
0.2527              5.0000
0.2527              5.0000
0.2528              5.0000
0.2528              5.0000
0.2529              5.0000
0.2529              5.0000
0.2529              5.0000
0.2530              5.0000
0.2530              5.0000
0.2531              5.0000
0.2531              5.0000
0.2531              5.0000
0.2532              5.0000
0.2532              5.0000
0.2533              5.0000
0.2533              5.0000
0.2534              5.0000
0.2534              5.0000
0.2534              5.0000
0.2535              5.0000
0.2535              5.0000
0.2536              5.0000
0.2536              5.0000
0.2537              5.0000
0.2537              5.0000
0.2537              5.0000
0.2538              5.0000
0.2538              5.0000
0.2539              5.0000
0.2539              5.0000
0.2539              5.0000
0.2540              5.0000
0.2540              5.0000
0.2541              5.0000
0.2541              5.0000
0.2542              5.0000
0.2542              5.0000
0.2542              5.0000
0.2543              5.0000
0.2543              5.0000
0.2544              5.0000
0.2544              5.0000
0.2544              5.0000
0.2545              5.0000
0.2545              5.0000
0.2546              5.0000
0.2546              5.0000
0.2547              5.0000
0.2547              5.0000
0.2547              5.0000
0.2548              5.0000
0.2548              5.0000
0.2549              5.0000
0.2549              5.0000
0.2549              5.0000
0.2550              5.0000
0.2550              5.0000
0.2551              5.0000
0.2551              5.0000
0.2552              5.0000
0.2552              5.0000
0.2552              5.0000
0.2553              5.0000
0.2553              5.0000
0.2554              5.0000
0.2554              5.0000
0.2554              5.0000
0.2555              5.0000
0.2555              5.0000
0.2556              5.0000
0.2556              5.0000
0.2557              5.0000
0.2557              5.0000
0.2557              5.0000
0.2558              5.0000
0.2558              5.0000
0.2559              5.0000
0.2559              5.0000
0.2559              5.0000
0.2560              5.0000
0.2560              5.0000
0.2561              5.0000
0.2561              5.0000
0.2562              5.0000
0.2562              5.0000
0.2562              5.0000
0.2563              5.0000
0.2563              5.0000
0.2564              5.0000
0.2564              5.0000
0.2564              5.0000
0.2565              5.0000
0.2565              5.0000
0.2566              5.0000
0.2566              5.0000
0.2567              5.0000
0.2567              5.0000
0.2567              5.0000
0.2568              5.0000
0.2568              5.0000
0.2569              5.0000
0.2569              5.0000
0.2570              5.0000
0.2570              5.0000
0.2570              5.0000
0.2571              5.0000
0.2571              5.0000
0.2572              5.0000
0.2572              5.0000
0.2572              5.0000
0.2573              5.0000
0.2573              5.0000
0.2574              5.0000
0.2574              5.0000
0.2575              5.0000
0.2575              5.0000
0.2575              5.0000
0.2576              5.0000
0.2576              5.0000
0.2577              5.0000
0.2577              5.0000
0.2577              5.0000
0.2578              5.0000
0.2578              5.0000
0.2579              5.0000
0.2579              5.0000
0.2580              5.0000
0.2580              5.0000
0.2580              5.0000
0.2581              5.0000
0.2581              5.0000
0.2582              5.0000
0.2582              5.0000
0.2582              5.0000
0.2583              5.0000
0.2583              5.0000
0.2584              5.0000
0.2584              5.0000
0.2585              5.0000
0.2585              5.0000
0.2585              5.0000
0.2586              5.0000
0.2586              5.0000
0.2587              5.0000
0.2587              5.0000
0.2587              5.0000
0.2588              5.0000
0.2588              5.0000
0.2589              5.0000
0.2589              5.0000
0.2590              5.0000
0.2590              5.0000
0.2590              5.0000
0.2591              5.0000
0.2591              5.0000
0.2592              5.0000
0.2592              5.0000
0.2592              5.0000
0.2593              5.0000
0.2593              5.0000
0.2594              5.0000
0.2594              5.0000
0.2595              5.0000
0.2595              5.0000
0.2595              5.0000
0.2596              5.0000
0.2596              5.0000
0.2597              5.0000
0.2597              5.0000
0.2597              5.0000
0.2598              5.0000
0.2598              5.0000
0.2599              5.0000
0.2599              5.0000
0.2600              5.0000
0.2600              5.0000
0.2600              5.0229
0.2601              5.0461
0.2601              5.0693
0.2602              5.0925
0.2602              5.1157
0.2603              5.1389
0.2603              5.1621
0.2603              5.1853
0.2604              5.2085
0.2604              5.2317
0.2605              5.2550
0.2605              5.2782
0.2605              5.3014
0.2606              5.3246
0.2606              5.3478
0.2607              5.3710
0.2607              5.3942
0.2608              5.4174
0.2608              5.4406
0.2608              5.4638
0.2609              5.4870
0.2609              5.5102
0.2610              5.5334
0.2610              5.5566
0.2610              5.5798
0.2611              5.6030
0.2611              5.6262
0.2612              5.6494
0.2612              5.6726
0.2613              5.6958
0.2613              5.7190
0.2613              5.7423
0.2614              5.7655
0.2614              5.7887
0.2615              5.8119
0.2615              5.8351
0.2615              5.8583
0.2616              5.8815
0.2616              5.9047
0.2617              5.9279
0.2617              5.9511
0.2618              5.9743
0.2618              5.9975
0.2618              6.0207
0.2619              6.0439
0.2619              6.0671
0.2620              6.0903
0.2620              6.1135
0.2620              6.1367
0.2621              6.1599
0.2621              6.1831
0.2622              6.2063
0.2622              6.2296
0.2623              6.2528
0.2623              6.2760
0.2623              6.2992
0.2624              6.3224
0.2624              6.3456
0.2625              6.3688
0.2625              6.3920
0.2625              6.4152
0.2626              6.4384
0.2626              6.4616
0.2627              6.4848
0.2627              6.5080
0.2628              6.5312
0.2628              6.5544
0.2628              6.5776
0.2629              6.6008
0.2629              6.6240
0.2630              6.6472
0.2630              6.6704
0.2630              6.6936
0.2631              6.7168
0.2631              6.7401
0.2632              6.7633
0.2632              6.7865
0.2633              6.8097
0.2633              6.8329
0.2633              6.8561
0.2634              6.8793
0.2634              6.9025
0.2635              6.9257
0.2635              6.9489
0.2635              6.9721
0.2636              6.9953
0.2636              7.0185
0.2637              7.0417
0.2637              7.0649
0.2638              7.0881
0.2638              7.1113
0.2638              7.1345
0.2639              7.1577
0.2639              7.1809
0.2640              7.2041
0.2640              7.2274
0.2641              7.2506
0.2641              7.2738
0.2641              7.2970
0.2642              7.3202
0.2642              7.3434
0.2643              7.3666
0.2643              7.3898
0.2643              7.4130
0.2644              7.4362
0.2644              7.4594
0.2645              7.4826
0.2645              7.5058
0.2646              7.5290
0.2646              7.5522
0.2646              7.5754
0.2647              7.5986
0.2647              7.6218
0.2648              7.6450
0.2648              7.6682
0.2648              7.6914
0.2649              7.7147
0.2649              7.7379
0.2650              7.7611
0.2650              7.7843
0.2651              7.8075
0.2651              7.8307
0.2651              7.8539
0.2652              7.8771
0.2652              7.9003
0.2653              7.9235
0.2653              7.9467
0.2653              7.9699
0.2654              7.9931
0.2654              8.0163
0.2655              8.0395
0.2655              8.0627
0.2656              8.0859
0.2656              8.1091
0.2656              8.1323
0.2657              8.1555
0.2657              8.1787
0.2658              8.2019
0.2658              8.2252
0.2658              8.2484
0.2659              8.2716
0.2659              8.2948
0.2660              8.3180
0.2660              8.3412
0.2661              8.3644
0.2661              8.3876
0.2661              8.4108
0.2662              8.4340
0.2662              8.4572
0.2663              8.4804
0.2663              8.5036
0.2663              8.5268
0.2664              8.5500
0.2664              8.5732
0.2665              8.5964
0.2665              8.6196
0.2666              8.6428
0.2666              8.6660
0.2666              8.6892
0.2667              8.7125
0.2667              8.7357
0.2668              8.7589
0.2668              8.7821
0.2668              8.8053
0.2669              8.8285
0.2669              8.8517
0.2670              8.8749
0.2670              8.8981
0.2671              8.9213
0.2671              8.9445
0.2671              8.9677
0.2672              8.9909
0.2672              9.0141
0.2673              9.0373
0.2673              9.0605
0.2674              9.0837
0.2674              9.1069
0.2674              9.1301
0.2675              9.1533
0.2675              9.1765
0.2676              9.1998
0.2676              9.2230
0.2676              9.2462
0.2677              9.2694
0.2677              9.2926
0.2678              9.3158
0.2678              9.3390
0.2679              9.3622
0.2679              9.3854
0.2679              9.4086
0.2680              9.4318
0.2680              9.4550
0.2681              9.4782
0.2681              9.5014
0.2681              9.5246
0.2682              9.5478
0.2682              9.5710
0.2683              9.5942
0.2683              9.6174
0.2684              9.6406
0.2684              9.6638
0.2684              9.6870
0.2685              9.7103
0.2685              9.7335
0.2686              9.7567
0.2686              9.7799
0.2686              9.8031
0.2687              9.8263
0.2687              9.8495
0.2688              9.8727
0.2688              9.8959
0.2689              9.9191
0.2689              9.9423
0.2689              9.9655
0.2690              9.9887
0.2690             10.0119
0.2691             10.0351
0.2691             10.0583
0.2691             10.0815
0.2692             10.1047
0.2692             10.1279
0.2693             10.1511
0.2693             10.1743
0.2694             10.1976
0.2694             10.2208
0.2694             10.2440
0.2695             10.2672
0.2695             10.2904
0.2696             10.3136
0.2696             10.3368
0.2696             10.3600
0.2697             10.3832
0.2697             10.4064
0.2698             10.4296
0.2698             10.4528
0.2699             10.4760
0.2699             10.4992
0.2699             10.5224
0.2700             10.5456
0.2700             10.5688
0.2701             10.5920
0.2701             10.6152
0.2701             10.6384
0.2702             10.6616
0.2702             10.6849
0.2703             10.7081
0.2703             10.7313
0.2704             10.7545
0.2704             10.7777
0.2704             10.8009
0.2705             10.8241
0.2705             10.8473
0.2706             10.8705
0.2706             10.8937
0.2707             10.9169
0.2707             10.9401
0.2707             10.9633
0.2708             10.9865
0.2708             11.0097
0.2709             11.0329
0.2709             11.0561
0.2709             11.0793
0.2710             11.1025
0.2710             11.1257
0.2711             11.1489
0.2711             11.1721
0.2712             11.1954
0.2712             11.2186
0.2712             11.2418
0.2713             11.2650
0.2713             11.2882
0.2714             11.3114
0.2714             11.3346
0.2714             11.3578
0.2715             11.3810
0.2715             11.4042
0.2716             11.4274
0.2716             11.4506
0.2717             11.4738
0.2717             11.4970
0.2717             11.5202
0.2718             11.5434
0.2718             11.5666
0.2719             11.5898
0.2719             11.6130
0.2719             11.6362
0.2720             11.6594
0.2720             11.6827
0.2721             11.7059
0.2721             11.7291
0.2722             11.7523
0.2722             11.7755
0.2722             11.7987
0.2723             11.8219
0.2723             11.8451
0.2724             11.8683
0.2724             11.8915
0.2724             11.9147
0.2725             11.9379
0.2725             11.9611
0.2726             11.9843
0.2726             12.0075
0.2727             12.0307
0.2727             12.0539
0.2727             12.0771
0.2728             12.1003
0.2728             12.1235
0.2729             12.1467
0.2729             12.1700
0.2729             12.1932
0.2730             12.2164
0.2730             12.2396
0.2731             12.2628
0.2731             12.2860
0.2732             12.3092
0.2732             12.3324
0.2732             12.3556
0.2733             12.3788
0.2733             12.4020
0.2734             12.4252
0.2734             12.4484
0.2734             12.4716
0.2735             12.4948
0.2735             12.5180
0.2736             12.5412
0.2736             12.5644
0.2737             12.5876
0.2737             12.6108
0.2737             12.6340
0.2738             12.6572
0.2738             12.6805
0.2739             12.7037
0.2739             12.7269
0.2740             12.7501
0.2740             12.7733
0.2740             12.7965
0.2741             12.8197
0.2741             12.8429
0.2742             12.8661
0.2742             12.8893
0.2742             12.9125
0.2743             12.9357
0.2743             12.9589
0.2744             12.9821
0.2744             13.0053
0.2745             13.0285
0.2745             13.0517
0.2745             13.0749
0.2746             13.0981
0.2746             13.1213
0.2747             13.1445
0.2747             13.1678
0.2747             13.1910
0.2748             13.2142
0.2748             13.2374
0.2749             13.2606
0.2749             13.2838
0.2750             13.3070
0.2750             13.3302
0.2750             13.3534
0.2751             13.3766
0.2751             13.3998
0.2752             13.4230
0.2752             13.4462
0.2752             13.4694
0.2753             13.4926
0.2753             13.5158
0.2754             13.5390
0.2754             13.5622
0.2755             13.5854
0.2755             13.6086
0.2755             13.6318
0.2756             13.6551
0.2756             13.6783
0.2757             13.7015
0.2757             13.7247
0.2757             13.7479
0.2758             13.7711
0.2758             13.7943
0.2759             13.8175
0.2759             13.8407
0.2760             13.8639
0.2760             13.8871
0.2760             13.9103
0.2761             13.9335
0.2761             13.9567
0.2762             13.9799
0.2762             14.0031
0.2762             14.0263
0.2763             14.0495
0.2763             14.0727
0.2764             14.0959
0.2764             14.1191
0.2765             14.1423
0.2765             14.1656
0.2765             14.1888
0.2766             14.2120
0.2766             14.2352
0.2767             14.2584
0.2767             14.2816
0.2767             14.3048
0.2768             14.3280
0.2768             14.3512
0.2769             14.3744
0.2769             14.3976
0.2770             14.4208
0.2770             14.4440
0.2770             14.4672
0.2771             14.4904
0.2771             14.5136
0.2772             14.5368
0.2772             14.5600
0.2772             14.5832
0.2773             14.6064
0.2773             14.6296
0.2774             14.6529
0.2774             14.6761
0.2775             14.6993
0.2775             14.7225
0.2775             14.7457
0.2776             14.7689
0.2776             14.7921
0.2777             14.8153
0.2777             14.8385
0.2778             14.8617
0.2778             14.8849
0.2778             14.9081
0.2779             14.9313
0.2779             14.9545
0.2780             14.9777
0.2780             15.0012
0.2780             15.0310
0.2781             15.0609
0.2781             15.0907
0.2782             15.1205
0.2782             15.1504
0.2783             15.1802
0.2783             15.2100
0.2783             15.2399
0.2784             15.2697
0.2784             15.2995
0.2785             15.3294
0.2785             15.3592
0.2785             15.3890
0.2786             15.4189
0.2786             15.4487
0.2787             15.4785
0.2787             15.5084
0.2788             15.5382
0.2788             15.5680
0.2788             15.5979
0.2789             15.6277
0.2789             15.6575
0.2790             15.6874
0.2790             15.7172
0.2790             15.7471
0.2791             15.7769
0.2791             15.8067
0.2792             15.8366
0.2792             15.8664
0.2793             15.8962
0.2793             15.9261
0.2793             15.9559
0.2794             15.9857
0.2794             16.0156
0.2795             16.0454
0.2795             16.0752
0.2795             16.1051
0.2796             16.1349
0.2796             16.1647
0.2797             16.1946
0.2797             16.2244
0.2798             16.2542
0.2798             16.2841
0.2798             16.3139
0.2799             16.3437
0.2799             16.3736
0.2800             16.4034
0.2800             16.4332
0.2800             16.4631
0.2801             16.4929
0.2801             16.5228
0.2802             16.5526
0.2802             16.5824
0.2803             16.6123
0.2803             16.6421
0.2803             16.6719
0.2804             16.7018
0.2804             16.7316
0.2805             16.7614
0.2805             16.7913
0.2805             16.8211
0.2806             16.8509
0.2806             16.8808
0.2807             16.9106
0.2807             16.9404
0.2808             16.9703
0.2808             17.0001
0.2808             17.0299
0.2809             17.0598
0.2809             17.0896
0.2810             17.1194
0.2810             17.1493
0.2811             17.1791
0.2811             17.2089
0.2811             17.2388
0.2812             17.2686
0.2812             17.2985
0.2813             17.3283
0.2813             17.3581
0.2813             17.3880
0.2814             17.4178
0.2814             17.4476
0.2815             17.4775
0.2815             17.5073
0.2816             17.5371
0.2816             17.5670
0.2816             17.5968
0.2817             17.6266
0.2817             17.6565
0.2818             17.6863
0.2818             17.7161
0.2818             17.7460
0.2819             17.7758
0.2819             17.8056
0.2820             17.8355
0.2820             17.8653
0.2821             17.8951
0.2821             17.9250
0.2821             17.9548
0.2822             17.9846
0.2822             18.0145
0.2823             18.0443
0.2823             18.0742
0.2823             18.1040
0.2824             18.1338
0.2824             18.1637
0.2825             18.1935
0.2825             18.2233
0.2826             18.2532
0.2826             18.2830
0.2826             18.3128
0.2827             18.3427
0.2827             18.3725
0.2828             18.4023
0.2828             18.4322
0.2828             18.4620
0.2829             18.4918
0.2829             18.5217
0.2830             18.5515
0.2830             18.5813
0.2831             18.6112
0.2831             18.6410
0.2831             18.6708
0.2832             18.7007
0.2832             18.7305
0.2833             18.7603
0.2833             18.7902
0.2833             18.8200
0.2834             18.8498
0.2834             18.8797
0.2835             18.9095
0.2835             18.9394
0.2836             18.9692
0.2836             18.9990
0.2836             19.0289
0.2837             19.0587
0.2837             19.0885
0.2838             19.1184
0.2838             19.1482
0.2838             19.1780
0.2839             19.2079
0.2839             19.2377
0.2840             19.2675
0.2840             19.2974
0.2841             19.3272
0.2841             19.3570
0.2841             19.3869
0.2842             19.4167
0.2842             19.4465
0.2843             19.4764
0.2843             19.5062
0.2844             19.5360
0.2844             19.5659
0.2844             19.5957
0.2845             19.6255
0.2845             19.6554
0.2846             19.6852
0.2846             19.7151
0.2846             19.7449
0.2847             19.7747
0.2847             19.8046
0.2848             19.8344
0.2848             19.8642
0.2849             19.8941
0.2849             19.9239
0.2849             19.9537
0.2850             19.9836
0.2850             20.0141
0.2851             20.0454
0.2851             20.0767
0.2851             20.1080
0.2852             20.1394
0.2852             20.1707
0.2853             20.2020
0.2853             20.2334
0.2854             20.2647
0.2854             20.2960
0.2854             20.3273
0.2855             20.3587
0.2855             20.3900
0.2856             20.4213
0.2856             20.4526
0.2856             20.4840
0.2857             20.5153
0.2857             20.5466
0.2858             20.5779
0.2858             20.6093
0.2859             20.6406
0.2859             20.6719
0.2859             20.7032
0.2860             20.7346
0.2860             20.7659
0.2861             20.7972
0.2861             20.8286
0.2861             20.8599
0.2862             20.8912
0.2862             20.9225
0.2863             20.9539
0.2863             20.9852
0.2864             21.0165
0.2864             21.0478
0.2864             21.0792
0.2865             21.1105
0.2865             21.1418
0.2866             21.1731
0.2866             21.2045
0.2866             21.2358
0.2867             21.2671
0.2867             21.2984
0.2868             21.3298
0.2868             21.3611
0.2869             21.3924
0.2869             21.4238
0.2869             21.4551
0.2870             21.4864
0.2870             21.5177
0.2871             21.5491
0.2871             21.5804
0.2871             21.6117
0.2872             21.6430
0.2872             21.6744
0.2873             21.7057
0.2873             21.7370
0.2874             21.7683
0.2874             21.7997
0.2874             21.8310
0.2875             21.8623
0.2875             21.8936
0.2876             21.9250
0.2876             21.9563
0.2877             21.9876
0.2877             22.0190
0.2877             22.0503
0.2878             22.0816
0.2878             22.1129
0.2879             22.1443
0.2879             22.1756
0.2879             22.2069
0.2880             22.2382
0.2880             22.2696
0.2881             22.3009
0.2881             22.3322
0.2882             22.3635
0.2882             22.3949
0.2882             22.4262
0.2883             22.4575
0.2883             22.4888
0.2884             22.5202
0.2884             22.5515
0.2884             22.5828
0.2885             22.6142
0.2885             22.6455
0.2886             22.6768
0.2886             22.7081
0.2887             22.7395
0.2887             22.7708
0.2887             22.8021
0.2888             22.8334
0.2888             22.8648
0.2889             22.8961
0.2889             22.9274
0.2889             22.9587
0.2890             22.9901
0.2890             23.0214
0.2891             23.0527
0.2891             23.0840
0.2892             23.1154
0.2892             23.1467
0.2892             23.1780
0.2893             23.2094
0.2893             23.2407
0.2894             23.2720
0.2894             23.3033
0.2894             23.3347
0.2895             23.3660
0.2895             23.3973
0.2896             23.4286
0.2896             23.4600
0.2897             23.4913
0.2897             23.5226
0.2897             23.5539
0.2898             23.5853
0.2898             23.6166
0.2899             23.6479
0.2899             23.6793
0.2899             23.7106
0.2900             23.7419
0.2900             23.7732
0.2901             23.8046
0.2901             23.8359
0.2902             23.8672
0.2902             23.8985
0.2902             23.9299
0.2903             23.9612
0.2903             23.9925
0.2904             24.0238
0.2904             24.0552
0.2904             24.0865
0.2905             24.1178
0.2905             24.1491
0.2906             24.1805
0.2906             24.2118
0.2907             24.2431
0.2907             24.2745
0.2907             24.3058
0.2908             24.3371
0.2908             24.3684
0.2909             24.3998
0.2909             24.4311
0.2909             24.4624
0.2910             24.4937
0.2910             24.5251
0.2911             24.5564
0.2911             24.5877
0.2912             24.6190
0.2912             24.6504
0.2912             24.6817
0.2913             24.7130
0.2913             24.7443
0.2914             24.7757
0.2914             24.8070
0.2915             24.8383
0.2915             24.8697
0.2915             24.9010
0.2916             24.9323
0.2916             24.9636
0.2917             24.9950
0.2917             25.0263
0.2917             25.0576
0.2918             25.0889
0.2918             25.1203
0.2919             25.1516
0.2919             25.1829
0.2920             25.2142
0.2920             25.2456
0.2920             25.2769
0.2921             25.3082
0.2921             25.3395
0.2922             25.3709
0.2922             25.4022
0.2922             25.4335
0.2923             25.4649
0.2923             25.4962
0.2924             25.5275
0.2924             25.5588
0.2925             25.5902
0.2925             25.6215
0.2925             25.6528
0.2926             25.6841
0.2926             25.7155
0.2927             25.7468
0.2927             25.7781
0.2927             25.8094
0.2928             25.8408
0.2928             25.8721
0.2929             25.9034
0.2929             25.9347
0.2930             25.9661
0.2930             25.9974
0.2930             26.0219
0.2931             26.0458
0.2931             26.0696
0.2932             26.0935
0.2932             26.1174
0.2932             26.1412
0.2933             26.1651
0.2933             26.1890
0.2934             26.2128
0.2934             26.2367
0.2935             26.2606
0.2935             26.2844
0.2935             26.3083
0.2936             26.3322
0.2936             26.3560
0.2937             26.3799
0.2937             26.4038
0.2937             26.4276
0.2938             26.4515
0.2938             26.4754
0.2939             26.4992
0.2939             26.5231
0.2940             26.5470
0.2940             26.5708
0.2940             26.5947
0.2941             26.6186
0.2941             26.6424
0.2942             26.6663
0.2942             26.6902
0.2942             26.7140
0.2943             26.7379
0.2943             26.7618
0.2944             26.7857
0.2944             26.8095
0.2945             26.8334
0.2945             26.8573
0.2945             26.8811
0.2946             26.9050
0.2946             26.9289
0.2947             26.9527
0.2947             26.9766
0.2948             27.0005
0.2948             27.0243
0.2948             27.0482
0.2949             27.0721
0.2949             27.0959
0.2950             27.1198
0.2950             27.1437
0.2950             27.1675
0.2951             27.1914
0.2951             27.2153
0.2952             27.2391
0.2952             27.2630
0.2953             27.2869
0.2953             27.3107
0.2953             27.3346
0.2954             27.3585
0.2954             27.3823
0.2955             27.4062
0.2955             27.4301
0.2955             27.4539
0.2956             27.4778
0.2956             27.5017
0.2957             27.5255
0.2957             27.5494
0.2958             27.5733
0.2958             27.5972
0.2958             27.6210
0.2959             27.6449
0.2959             27.6688
0.2960             27.6926
0.2960             27.7165
0.2960             27.7404
0.2961             27.7642
0.2961             27.7881
0.2962             27.8120
0.2962             27.8358
0.2963             27.8597
0.2963             27.8836
0.2963             27.9074
0.2964             27.9313
0.2964             27.9552
0.2965             27.9790
0.2965             28.0029
0.2965             28.0268
0.2966             28.0506
0.2966             28.0745
0.2967             28.0984
0.2967             28.1222
0.2968             28.1461
0.2968             28.1700
0.2968             28.1938
0.2969             28.2177
0.2969             28.2416
0.2970             28.2654
0.2970             28.2893
0.2970             28.3132
0.2971             28.3371
0.2971             28.3609
0.2972             28.3848
0.2972             28.4087
0.2973             28.4325
0.2973             28.4564
0.2973             28.4803
0.2974             28.5041
0.2974             28.5280
0.2975             28.5519
0.2975             28.5757
0.2975             28.5996
0.2976             28.6235
0.2976             28.6473
0.2977             28.6712
0.2977             28.6951
0.2978             28.7189
0.2978             28.7428
0.2978             28.7667
0.2979             28.7905
0.2979             28.8144
0.2980             28.8383
0.2980             28.8621
0.2981             28.8860
0.2981             28.9099
0.2981             28.9337
0.2982             28.9576
0.2982             28.9815
0.2983             29.0053
0.2983             29.0292
0.2983             29.0531
0.2984             29.0769
0.2984             29.1008
0.2985             29.1247
0.2985             29.1486
0.2986             29.1724
0.2986             29.1963
0.2986             29.2202
0.2987             29.2440
0.2987             29.2679
0.2988             29.2918
0.2988             29.3156
0.2988             29.3395
0.2989             29.3634
0.2989             29.3872
0.2990             29.4111
0.2990             29.4350
0.2991             29.4588
0.2991             29.4827
0.2991             29.5066
0.2992             29.5304
0.2992             29.5543
0.2993             29.5782
0.2993             29.6020
0.2993             29.6259
0.2994             29.6498
0.2994             29.6736
0.2995             29.6975
0.2995             29.7214
0.2996             29.7452
0.2996             29.7691
0.2996             29.7930
0.2997             29.8168
0.2997             29.8407
0.2998             29.8646
0.2998             29.8884
0.2998             29.9123
0.2999             29.9362
0.2999             29.9601
0.3000             29.9839
0.3000             30.0127
0.3001             30.0517
0.3001             30.0907
0.3001             30.1297
0.3002             30.1687
0.3002             30.2076
0.3003             30.2466
0.3003             30.2856
0.3003             30.3246
0.3004             30.3636
0.3004             30.4026
0.3005             30.4415
0.3005             30.4805
0.3006             30.5195
0.3006             30.5585
0.3006             30.5975
0.3007             30.6365
0.3007             30.6754
0.3008             30.7144
0.3008             30.7534
0.3008             30.7924
0.3009             30.8314
0.3009             30.8704
0.3010             30.9094
0.3010             30.9483
0.3011             30.9873
0.3011             31.0263
0.3011             31.0653
0.3012             31.1043
0.3012             31.1433
0.3013             31.1822
0.3013             31.2212
0.3014             31.2602
0.3014             31.2992
0.3014             31.3382
0.3015             31.3772
0.3015             31.4161
0.3016             31.4551
0.3016             31.4941
0.3016             31.5331
0.3017             31.5721
0.3017             31.6111
0.3018             31.6500
0.3018             31.6890
0.3019             31.7280
0.3019             31.7670
0.3019             31.8060
0.3020             31.8450
0.3020             31.8839
0.3021             31.9229
0.3021             31.9619
0.3021             32.0009
0.3022             32.0399
0.3022             32.0789
0.3023             32.1179
0.3023             32.1568
0.3024             32.1958
0.3024             32.2348
0.3024             32.2738
0.3025             32.3128
0.3025             32.3518
0.3026             32.3907
0.3026             32.4297
0.3026             32.4687
0.3027             32.5077
0.3027             32.5467
0.3028             32.5857
0.3028             32.6246
0.3029             32.6636
0.3029             32.7026
0.3029             32.7416
0.3030             32.7806
0.3030             32.8196
0.3031             32.8585
0.3031             32.8975
0.3031             32.9365
0.3032             32.9755
0.3032             33.0145
0.3033             33.0535
0.3033             33.0924
0.3034             33.1314
0.3034             33.1704
0.3034             33.2094
0.3035             33.2484
0.3035             33.2874
0.3036             33.3264
0.3036             33.3653
0.3036             33.4043
0.3037             33.4433
0.3037             33.4823
0.3038             33.5213
0.3038             33.5603
0.3039             33.5992
0.3039             33.6382
0.3039             33.6772
0.3040             33.7162
0.3040             33.7552
0.3041             33.7942
0.3041             33.8331
0.3041             33.8721
0.3042             33.9111
0.3042             33.9501
0.3043             33.9891
0.3043             34.0281
0.3044             34.0670
0.3044             34.1060
0.3044             34.1450
0.3045             34.1840
0.3045             34.2230
0.3046             34.2620
0.3046             34.3009
0.3046             34.3399
0.3047             34.3789
0.3047             34.4179
0.3048             34.4569
0.3048             34.4959
0.3049             34.5349
0.3049             34.5738
0.3049             34.6128
0.3050             34.6518
0.3050             34.6908
0.3051             34.7298
0.3051             34.7688
0.3052             34.8077
0.3052             34.8467
0.3052             34.8857
0.3053             34.9247
0.3053             34.9637
0.3054             35.0027
0.3054             35.0416
0.3054             35.0806
0.3055             35.1196
0.3055             35.1586
0.3056             35.1976
0.3056             35.2366
0.3057             35.2755
0.3057             35.3145
0.3057             35.3535
0.3058             35.3925
0.3058             35.4315
0.3059             35.4705
0.3059             35.5094
0.3059             35.5484
0.3060             35.5874
0.3060             35.6264
0.3061             35.6654
0.3061             35.7044
0.3062             35.7434
0.3062             35.7823
0.3062             35.8213
0.3063             35.8603
0.3063             35.8993
0.3064             35.9383
0.3064             35.9773
0.3064             36.0162
0.3065             36.0552
0.3065             36.0942
0.3066             36.1332
0.3066             36.1722
0.3067             36.2112
0.3067             36.2501
0.3067             36.2891
0.3068             36.3281
0.3068             36.3671
0.3069             36.4061
0.3069             36.4451
0.3069             36.4840
0.3070             36.5230
0.3070             36.5620
0.3071             36.6010
0.3071             36.6400
0.3072             36.6790
0.3072             36.7179
0.3072             36.7569
0.3073             36.7959
0.3073             36.8349
0.3074             36.8739
0.3074             36.9129
0.3074             36.9519
0.3075             36.9908
0.3075             37.0213
0.3076             37.0491
0.3076             37.0770
0.3077             37.1048
0.3077             37.1327
0.3077             37.1605
0.3078             37.1884
0.3078             37.2162
0.3079             37.2441
0.3079             37.2719
0.3079             37.2998
0.3080             37.3276
0.3080             37.3554
0.3081             37.3833
0.3081             37.4111
0.3082             37.4390
0.3082             37.4668
0.3082             37.4947
0.3083             37.5225
0.3083             37.5504
0.3084             37.5782
0.3084             37.6061
0.3085             37.6339
0.3085             37.6617
0.3085             37.6896
0.3086             37.7174
0.3086             37.7453
0.3087             37.7731
0.3087             37.8010
0.3087             37.8288
0.3088             37.8567
0.3088             37.8845
0.3089             37.9124
0.3089             37.9402
0.3090             37.9681
0.3090             37.9959
0.3090             38.0237
0.3091             38.0516
0.3091             38.0794
0.3092             38.1073
0.3092             38.1351
0.3092             38.1630
0.3093             38.1908
0.3093             38.2187
0.3094             38.2465
0.3094             38.2744
0.3095             38.3022
0.3095             38.3300
0.3095             38.3579
0.3096             38.3857
0.3096             38.4136
0.3097             38.4414
0.3097             38.4693
0.3097             38.4971
0.3098             38.5250
0.3098             38.5528
0.3099             38.5807
0.3099             38.6085
0.3100             38.6363
0.3100             38.6642
0.3100             38.6920
0.3101             38.7199
0.3101             38.7477
0.3102             38.7756
0.3102             38.8034
0.3102             38.8313
0.3103             38.8591
0.3103             38.8870
0.3104             38.9148
0.3104             38.9426
0.3105             38.9705
0.3105             38.9983
0.3105             39.0262
0.3106             39.0540
0.3106             39.0819
0.3107             39.1097
0.3107             39.1376
0.3107             39.1654
0.3108             39.1933
0.3108             39.2211
0.3109             39.2489
0.3109             39.2768
0.3110             39.3046
0.3110             39.3325
0.3110             39.3603
0.3111             39.3882
0.3111             39.4160
0.3112             39.4439
0.3112             39.4717
0.3112             39.4996
0.3113             39.5274
0.3113             39.5553
0.3114             39.5831
0.3114             39.6109
0.3115             39.6388
0.3115             39.6666
0.3115             39.6945
0.3116             39.7223
0.3116             39.7502
0.3117             39.7780
0.3117             39.8059
0.3118             39.8337
0.3118             39.8616
0.3118             39.8894
0.3119             39.9172
0.3119             39.9451
0.3120             39.9729
0.3120             40.0008
0.3120             40.0286
0.3121             40.0565
0.3121             40.0843
0.3122             40.1122
0.3122             40.1400
0.3123             40.1679
0.3123             40.1957
0.3123             40.2235
0.3124             40.2514
0.3124             40.2792
0.3125             40.3071
0.3125             40.3349
0.3125             40.3628
0.3126             40.3906
0.3126             40.4185
0.3127             40.4463
0.3127             40.4742
0.3128             40.5020
0.3128             40.5298
0.3128             40.5577
0.3129             40.5855
0.3129             40.6134
0.3130             40.6412
0.3130             40.6691
0.3130             40.6969
0.3131             40.7248
0.3131             40.7526
0.3132             40.7805
0.3132             40.8083
0.3133             40.8362
0.3133             40.8640
0.3133             40.8918
0.3134             40.9197
0.3134             40.9475
0.3135             40.9754
0.3135             41.0032
0.3135             41.0311
0.3136             41.0589
0.3136             41.0868
0.3137             41.1146
0.3137             41.1425
0.3138             41.1703
0.3138             41.1981
0.3138             41.2260
0.3139             41.2538
0.3139             41.2817
0.3140             41.3095
0.3140             41.3374
0.3140             41.3652
0.3141             41.3931
0.3141             41.4209
0.3142             41.4488
0.3142             41.4766
0.3143             41.5044
0.3143             41.5323
0.3143             41.5601
0.3144             41.5880
0.3144             41.6158
0.3145             41.6437
0.3145             41.6715
0.3145             41.6994
0.3146             41.7272
0.3146             41.7551
0.3147             41.7829
0.3147             41.8107
0.3148             41.8386
0.3148             41.8664
0.3148             41.8943
0.3149             41.9221
0.3149             41.9500
0.3150             41.9778
0.3150             42.0053
0.3151             42.0314
0.3151             42.0575
0.3151             42.0836
0.3152             42.1097
0.3152             42.1358
0.3153             42.1619
0.3153             42.1880
0.3153             42.2142
0.3154             42.2403
0.3154             42.2664
0.3155             42.2925
0.3155             42.3186
0.3156             42.3447
0.3156             42.3708
0.3156             42.3969
0.3157             42.4230
0.3157             42.4491
0.3158             42.4752
0.3158             42.5013
0.3158             42.5274
0.3159             42.5535
0.3159             42.5796
0.3160             42.6057
0.3160             42.6318
0.3161             42.6579
0.3161             42.6840
0.3161             42.7102
0.3162             42.7363
0.3162             42.7624
0.3163             42.7885
0.3163             42.8146
0.3163             42.8407
0.3164             42.8668
0.3164             42.8929
0.3165             42.9190
0.3165             42.9451
0.3166             42.9712
0.3166             42.9973
0.3166             43.0234
0.3167             43.0495
0.3167             43.0756
0.3168             43.1017
0.3168             43.1278
0.3168             43.1539
0.3169             43.1801
0.3169             43.2062
0.3170             43.2323
0.3170             43.2584
0.3171             43.2845
0.3171             43.3106
0.3171             43.3367
0.3172             43.3628
0.3172             43.3889
0.3173             43.4150
0.3173             43.4411
0.3173             43.4672
0.3174             43.4933
0.3174             43.5194
0.3175             43.5455
0.3175             43.5716
0.3176             43.5977
0.3176             43.6238
0.3176             43.6499
0.3177             43.6761
0.3177             43.7022
0.3178             43.7283
0.3178             43.7544
0.3178             43.7805
0.3179             43.8066
0.3179             43.8327
0.3180             43.8588
0.3180             43.8849
0.3181             43.9110
0.3181             43.9371
0.3181             43.9632
0.3182             43.9893
0.3182             44.0154
0.3183             44.0415
0.3183             44.0676
0.3183             44.0937
0.3184             44.1198
0.3184             44.1459
0.3185             44.1721
0.3185             44.1982
0.3186             44.2243
0.3186             44.2504
0.3186             44.2765
0.3187             44.3026
0.3187             44.3287
0.3188             44.3548
0.3188             44.3809
0.3189             44.4070
0.3189             44.4331
0.3189             44.4592
0.3190             44.4853
0.3190             44.5114
0.3191             44.5375
0.3191             44.5636
0.3191             44.5897
0.3192             44.6158
0.3192             44.6419
0.3193             44.6681
0.3193             44.6942
0.3194             44.7203
0.3194             44.7464
0.3194             44.7725
0.3195             44.7986
0.3195             44.8247
0.3196             44.8508
0.3196             44.8769
0.3196             44.9030
0.3197             44.9291
0.3197             44.9552
0.3198             44.9813
0.3198             45.0074
0.3199             45.0335
0.3199             45.0596
0.3199             45.0857
0.3200             45.1118
0.3200             45.1379
0.3201             45.1641
0.3201             45.1902
0.3201             45.2163
0.3202             45.2424
0.3202             45.2685
0.3203             45.2946
0.3203             45.3207
0.3204             45.3468
0.3204             45.3729
0.3204             45.3990
0.3205             45.4251
0.3205             45.4512
0.3206             45.4773
0.3206             45.5034
0.3206             45.5295
0.3207             45.5556
0.3207             45.5817
0.3208             45.6078
0.3208             45.6339
0.3209             45.6601
0.3209             45.6862
0.3209             45.7123
0.3210             45.7384
0.3210             45.7645
0.3211             45.7906
0.3211             45.8167
0.3211             45.8428
0.3212             45.8689
0.3212             45.8950
0.3213             45.9211
0.3213             45.9472
0.3214             45.9733
0.3214             45.9994
0.3214             46.0255
0.3215             46.0516
0.3215             46.0777
0.3216             46.1038
0.3216             46.1299
0.3216             46.1561
0.3217             46.1822
0.3217             46.2083
0.3218             46.2344
0.3218             46.2605
0.3219             46.2866
0.3219             46.3127
0.3219             46.3388
0.3220             46.3649
0.3220             46.3910
0.3221             46.4171
0.3221             46.4432
0.3222             46.4693
0.3222             46.4954
0.3222             46.5215
0.3223             46.5476
0.3223             46.5737
0.3224             46.5998
0.3224             46.6259
0.3224             46.6521
0.3225             46.6782
0.3225             46.7043
0.3226             46.7304
0.3226             46.7565
0.3227             46.7826
0.3227             46.8087
0.3227             46.8348
0.3228             46.8609
0.3228             46.8870
0.3229             46.9131
0.3229             46.9392
0.3229             46.9653
0.3230             46.9914
0.3230             47.0175
0.3231             47.0436
0.3231             47.0697
0.3232             47.0958
0.3232             47.1219
0.3232             47.1481
0.3233             47.1742
0.3233             47.2003
0.3234             47.2264
0.3234             47.2525
0.3234             47.2786
0.3235             47.3047
0.3235             47.3308
0.3236             47.3569
0.3236             47.3830
0.3237             47.4091
0.3237             47.4352
0.3237             47.4613
0.3238             47.4874
0.3238             47.5135
0.3239             47.5396
0.3239             47.5657
0.3239             47.5918
0.3240             47.6179
0.3240             47.6441
0.3241             47.6702
0.3241             47.6963
0.3242             47.7224
0.3242             47.7485
0.3242             47.7746
0.3243             47.8007
0.3243             47.8268
0.3244             47.8529
0.3244             47.8790
0.3244             47.9051
0.3245             47.9312
0.3245             47.9573
0.3246             47.9834
0.3246             48.0000
0.3247             48.0000
0.3247             48.0000
0.3247             48.0000
0.3248             48.0000
0.3248             48.0000
0.3249             48.0000
0.3249             48.0000
0.3249             48.0000
0.3250             48.0000
0.3250             48.0000
0.3251             48.0000
0.3251             48.0000
0.3252             48.0000
0.3252             48.0000
